6.310000000000000000e+02
2.228000000000000000e+03
3.400000000000000000e+02
2.228000000000000000e+03
1.761000000000000000e+03
5.300000000000000000e+02
2.339000000000000000e+03
1.910000000000000000e+03
2.476000000000000000e+03
1.776000000000000000e+03
1.296000000000000000e+03
1.923000000000000000e+03
1.012000000000000000e+03
1.289000000000000000e+03
1.772000000000000000e+03
1.637000000000000000e+03
2.088000000000000000e+03
1.679000000000000000e+03
2.166000000000000000e+03
2.466000000000000000e+03
2.232000000000000000e+03
1.101000000000000000e+03
1.206000000000000000e+03
1.611000000000000000e+03
2.106000000000000000e+03
2.195000000000000000e+03
1.539000000000000000e+03
2.224000000000000000e+03
2.087000000000000000e+03
4.630000000000000000e+02
1.734000000000000000e+03
1.922000000000000000e+03
1.607000000000000000e+03
1.616000000000000000e+03
2.228000000000000000e+03
9.250000000000000000e+02
1.839000000000000000e+03
1.388000000000000000e+03
2.250000000000000000e+03
1.560000000000000000e+03
1.673000000000000000e+03
1.451000000000000000e+03
1.028000000000000000e+03
2.260000000000000000e+02
2.233000000000000000e+03
1.141000000000000000e+03
1.562000000000000000e+03
1.800000000000000000e+03
1.683000000000000000e+03
2.272000000000000000e+03
2.195000000000000000e+03
2.382000000000000000e+03
1.141000000000000000e+03
1.833000000000000000e+03
1.858000000000000000e+03
1.721000000000000000e+03
2.440000000000000000e+03
2.139000000000000000e+03
1.449000000000000000e+03
9.120000000000000000e+02
1.683000000000000000e+03
2.471000000000000000e+03
2.156000000000000000e+03
9.440000000000000000e+02
2.062000000000000000e+03
1.269000000000000000e+03
1.699000000000000000e+03
2.245000000000000000e+03
1.365000000000000000e+03
1.633000000000000000e+03
2.015000000000000000e+03
2.172000000000000000e+03
1.835000000000000000e+03
2.058000000000000000e+03
2.415000000000000000e+03
9.120000000000000000e+02
2.216000000000000000e+03
2.288000000000000000e+03
1.672000000000000000e+03
1.931000000000000000e+03
7.310000000000000000e+02
8.380000000000000000e+02
1.759000000000000000e+03
1.571000000000000000e+03
2.397000000000000000e+03
2.228000000000000000e+03
2.247000000000000000e+03
2.189000000000000000e+03
1.462000000000000000e+03
2.271000000000000000e+03
2.392000000000000000e+03
4.200000000000000000e+02
2.195000000000000000e+03
1.544000000000000000e+03
2.269000000000000000e+03
2.262000000000000000e+03
1.782000000000000000e+03
1.863000000000000000e+03
1.846000000000000000e+03
2.024000000000000000e+03
2.080000000000000000e+03
2.217000000000000000e+03
2.338000000000000000e+03
2.177000000000000000e+03
2.117000000000000000e+03
1.409000000000000000e+03
2.261000000000000000e+03
2.274000000000000000e+03
1.373000000000000000e+03
9.170000000000000000e+02
1.338000000000000000e+03
1.873000000000000000e+03
1.294000000000000000e+03
1.484000000000000000e+03
2.228000000000000000e+03
1.548000000000000000e+03
2.100000000000000000e+02
2.056000000000000000e+03
1.978000000000000000e+03
8.270000000000000000e+02
1.677000000000000000e+03
1.236000000000000000e+03
2.174000000000000000e+03
2.382000000000000000e+03
1.206000000000000000e+03
2.369000000000000000e+03
1.274000000000000000e+03
1.069000000000000000e+03
2.376000000000000000e+03
2.456000000000000000e+03
1.777000000000000000e+03
2.381000000000000000e+03
2.190000000000000000e+03
2.483000000000000000e+03
1.980000000000000000e+03
8.320000000000000000e+02
2.426000000000000000e+03
1.390000000000000000e+03
2.117000000000000000e+03
8.360000000000000000e+02
1.595000000000000000e+03
1.861000000000000000e+03
2.451000000000000000e+03
1.891000000000000000e+03
2.252000000000000000e+03
1.957000000000000000e+03
2.350000000000000000e+03
2.342000000000000000e+03
1.757000000000000000e+03
2.467000000000000000e+03
2.382000000000000000e+03
1.281000000000000000e+03
2.295000000000000000e+03
9.800000000000000000e+02
1.838000000000000000e+03
2.186000000000000000e+03
9.250000000000000000e+02
2.058000000000000000e+03
2.190000000000000000e+03
1.735000000000000000e+03
1.967000000000000000e+03
2.228000000000000000e+03
1.708000000000000000e+03
1.208000000000000000e+03
2.330000000000000000e+03
2.467000000000000000e+03
2.471000000000000000e+03
7.260000000000000000e+02
1.783000000000000000e+03
6.180000000000000000e+02
1.753000000000000000e+03
1.234000000000000000e+03
2.466000000000000000e+03
1.287000000000000000e+03
1.365000000000000000e+03
2.368000000000000000e+03
1.265000000000000000e+03
1.209000000000000000e+03
5.720000000000000000e+02
2.062000000000000000e+03
5.660000000000000000e+02
1.200000000000000000e+03
2.261000000000000000e+03
1.082000000000000000e+03
1.597000000000000000e+03
1.119000000000000000e+03
2.156000000000000000e+03
1.873000000000000000e+03
2.246000000000000000e+03
2.308000000000000000e+03
2.364000000000000000e+03
2.357000000000000000e+03
2.076000000000000000e+03
1.704000000000000000e+03
2.231000000000000000e+03
2.382000000000000000e+03
2.134000000000000000e+03
2.118000000000000000e+03
2.228000000000000000e+03
1.273000000000000000e+03
1.776000000000000000e+03
2.459000000000000000e+03
2.304000000000000000e+03
2.130000000000000000e+03
1.762000000000000000e+03
1.515000000000000000e+03
2.062000000000000000e+03
1.451000000000000000e+03
1.861000000000000000e+03
2.118000000000000000e+03
2.457000000000000000e+03
8.450000000000000000e+02
1.346000000000000000e+03
2.458000000000000000e+03
2.171000000000000000e+03
2.231000000000000000e+03
1.924000000000000000e+03
1.692000000000000000e+03
2.147000000000000000e+03
2.281000000000000000e+03
2.419000000000000000e+03
2.228000000000000000e+03
2.382000000000000000e+03
1.510000000000000000e+03
1.374000000000000000e+03
1.794000000000000000e+03
1.770000000000000000e+03
1.311000000000000000e+03
1.178000000000000000e+03
2.360000000000000000e+03
1.028000000000000000e+03
1.582000000000000000e+03
1.672000000000000000e+03
1.923000000000000000e+03
6.110000000000000000e+02
2.145000000000000000e+03
4.490000000000000000e+02
2.114000000000000000e+03
2.379000000000000000e+03
2.195000000000000000e+03
2.174000000000000000e+03
2.228000000000000000e+03
1.802000000000000000e+03
2.221000000000000000e+03
2.385000000000000000e+03
2.445000000000000000e+03
1.494000000000000000e+03
2.482000000000000000e+03
1.511000000000000000e+03
1.357000000000000000e+03
1.345000000000000000e+03
2.478000000000000000e+03
1.295000000000000000e+03
4.800000000000000000e+02
1.791000000000000000e+03
2.320000000000000000e+03
2.471000000000000000e+03
1.828000000000000000e+03
1.274000000000000000e+03
2.198000000000000000e+03
2.314000000000000000e+03
1.520000000000000000e+03
1.420000000000000000e+03
7.200000000000000000e+02
2.850000000000000000e+02
2.355000000000000000e+03
1.720000000000000000e+03
1.872000000000000000e+03
9.250000000000000000e+02
1.701000000000000000e+03
2.195000000000000000e+03
1.246000000000000000e+03
1.982000000000000000e+03
2.033000000000000000e+03
1.805000000000000000e+03
1.996000000000000000e+03
2.134000000000000000e+03
1.250000000000000000e+03
2.478000000000000000e+03
2.330000000000000000e+03
5.770000000000000000e+02
3.540000000000000000e+02
6.190000000000000000e+02
2.001000000000000000e+03
1.367000000000000000e+03
2.286000000000000000e+03
1.325000000000000000e+03
2.483000000000000000e+03
2.228000000000000000e+03
2.108000000000000000e+03
2.191000000000000000e+03
1.407000000000000000e+03
2.137000000000000000e+03
8.350000000000000000e+02
1.813000000000000000e+03
1.992000000000000000e+03
1.794000000000000000e+03
1.430000000000000000e+03
2.270000000000000000e+03
1.765000000000000000e+03
2.295000000000000000e+03
1.284000000000000000e+03
1.873000000000000000e+03
9.290000000000000000e+02
8.660000000000000000e+02
2.471000000000000000e+03
1.024000000000000000e+03
2.026000000000000000e+03
2.266000000000000000e+03
1.315000000000000000e+03
2.289000000000000000e+03
1.228000000000000000e+03
1.230000000000000000e+03
1.913000000000000000e+03
1.800000000000000000e+03
1.402000000000000000e+03
1.773000000000000000e+03
2.110000000000000000e+02
2.101000000000000000e+03
2.093000000000000000e+03
2.382000000000000000e+03
2.219000000000000000e+03
2.237000000000000000e+03
2.170000000000000000e+03
2.183000000000000000e+03
8.440000000000000000e+02
2.387000000000000000e+03
1.710000000000000000e+03
2.140000000000000000e+03
1.574000000000000000e+03
5.770000000000000000e+02
1.662000000000000000e+03
2.483000000000000000e+03
8.200000000000000000e+02
1.681000000000000000e+03
2.186000000000000000e+03
2.269000000000000000e+03
2.208000000000000000e+03
1.703000000000000000e+03
2.123000000000000000e+03
2.013000000000000000e+03
1.970000000000000000e+03
2.201000000000000000e+03
1.875000000000000000e+03
2.088000000000000000e+03
2.251000000000000000e+03
2.313000000000000000e+03
2.214000000000000000e+03
2.330000000000000000e+03
9.250000000000000000e+02
1.492000000000000000e+03
2.156000000000000000e+03
1.701000000000000000e+03
2.195000000000000000e+03
1.080000000000000000e+03
2.062000000000000000e+03
2.166000000000000000e+03
2.228000000000000000e+03
2.447000000000000000e+03
1.953000000000000000e+03
8.770000000000000000e+02
1.312000000000000000e+03
9.070000000000000000e+02
1.732000000000000000e+03
2.474000000000000000e+03
2.056000000000000000e+03
1.540000000000000000e+03
1.483000000000000000e+03
2.230000000000000000e+03
2.150000000000000000e+03
2.118000000000000000e+03
2.195000000000000000e+03
1.858000000000000000e+03
2.173000000000000000e+03
2.222000000000000000e+03
1.107000000000000000e+03
1.665000000000000000e+03
2.419000000000000000e+03
2.101000000000000000e+03
1.761000000000000000e+03
1.582000000000000000e+03
1.392000000000000000e+03
1.364000000000000000e+03
1.975000000000000000e+03
1.067000000000000000e+03
1.430000000000000000e+03
9.710000000000000000e+02
1.406000000000000000e+03
4.920000000000000000e+02
2.226000000000000000e+03
2.228000000000000000e+03
8.510000000000000000e+02
2.218000000000000000e+03
6.660000000000000000e+02
2.306000000000000000e+03
2.393000000000000000e+03
1.814000000000000000e+03
1.337000000000000000e+03
1.916000000000000000e+03
1.520000000000000000e+02
2.382000000000000000e+03
1.156000000000000000e+03
2.118000000000000000e+03
9.270000000000000000e+02
1.845000000000000000e+03
4.120000000000000000e+02
2.330000000000000000e+03
1.972000000000000000e+03
1.711000000000000000e+03
1.575000000000000000e+03
1.141000000000000000e+03
2.336000000000000000e+03
5.010000000000000000e+02
1.135000000000000000e+03
1.722000000000000000e+03
2.186000000000000000e+03
2.464000000000000000e+03
1.325000000000000000e+03
1.831000000000000000e+03
1.854000000000000000e+03
1.159000000000000000e+03
2.195000000000000000e+03
2.382000000000000000e+03
2.228000000000000000e+03
2.460000000000000000e+03
1.741000000000000000e+03
1.495000000000000000e+03
1.866000000000000000e+03
2.076000000000000000e+03
5.010000000000000000e+02
1.287000000000000000e+03
2.258000000000000000e+03
2.207000000000000000e+03
2.262000000000000000e+03
1.571000000000000000e+03
2.163000000000000000e+03
1.055000000000000000e+03
2.150000000000000000e+03
2.376000000000000000e+03
1.062000000000000000e+03
2.470000000000000000e+03
1.535000000000000000e+03
1.541000000000000000e+03
2.271000000000000000e+03
2.228000000000000000e+03
1.454000000000000000e+03
1.219000000000000000e+03
2.228000000000000000e+03
1.453000000000000000e+03
2.389000000000000000e+03
2.033000000000000000e+03
9.250000000000000000e+02
1.920000000000000000e+03
1.960000000000000000e+03
1.955000000000000000e+03
2.171000000000000000e+03
1.996000000000000000e+03
1.236000000000000000e+03
2.244000000000000000e+03
1.099000000000000000e+03
2.308000000000000000e+03
2.228000000000000000e+03
1.114000000000000000e+03
2.186000000000000000e+03
1.353000000000000000e+03
1.578000000000000000e+03
1.633000000000000000e+03
1.998000000000000000e+03
6.790000000000000000e+02
2.162000000000000000e+03
1.692000000000000000e+03
2.475000000000000000e+03
2.293000000000000000e+03
1.204000000000000000e+03
2.118000000000000000e+03
9.410000000000000000e+02
3.890000000000000000e+02
1.738000000000000000e+03
1.067000000000000000e+03
7.200000000000000000e+01
2.289000000000000000e+03
1.354000000000000000e+03
6.790000000000000000e+02
2.276000000000000000e+03
1.220000000000000000e+02
1.823000000000000000e+03
2.195000000000000000e+03
2.248000000000000000e+03
1.622000000000000000e+03
2.098000000000000000e+03
5.330000000000000000e+02
2.252000000000000000e+03
3.110000000000000000e+02
1.503000000000000000e+03
9.080000000000000000e+02
1.959000000000000000e+03
1.926000000000000000e+03
1.197000000000000000e+03
2.300000000000000000e+03
2.454000000000000000e+03
2.211000000000000000e+03
1.365000000000000000e+03
2.222000000000000000e+03
1.980000000000000000e+03
2.144000000000000000e+03
1.987000000000000000e+03
4.230000000000000000e+02
2.173000000000000000e+03
2.108000000000000000e+03
2.411000000000000000e+03
1.692000000000000000e+03
1.424000000000000000e+03
2.000000000000000000e+03
9.860000000000000000e+02
1.905000000000000000e+03
1.565000000000000000e+03
2.118000000000000000e+03
1.850000000000000000e+03
2.335000000000000000e+03
2.471000000000000000e+03
2.305000000000000000e+03
1.397000000000000000e+03
1.733000000000000000e+03
2.471000000000000000e+03
8.660000000000000000e+02
2.381000000000000000e+03
1.898000000000000000e+03
2.120000000000000000e+03
1.364000000000000000e+03
2.166000000000000000e+03
2.471000000000000000e+03
4.410000000000000000e+02
2.423000000000000000e+03
2.228000000000000000e+03
2.373000000000000000e+03
4.850000000000000000e+02
1.996000000000000000e+03
1.208000000000000000e+03
2.101000000000000000e+03
8.800000000000000000e+02
1.829000000000000000e+03
6.310000000000000000e+02
1.066000000000000000e+03
2.222000000000000000e+03
1.151000000000000000e+03
1.727000000000000000e+03
8.580000000000000000e+02
1.386000000000000000e+03
1.546000000000000000e+03
1.173000000000000000e+03
9.820000000000000000e+02
2.079000000000000000e+03
2.228000000000000000e+03
1.493000000000000000e+03
2.019000000000000000e+03
9.160000000000000000e+02
2.355000000000000000e+03
1.337000000000000000e+03
1.089000000000000000e+03
2.309000000000000000e+03
6.310000000000000000e+02
2.127000000000000000e+03
2.030000000000000000e+03
1.481000000000000000e+03
2.100000000000000000e+03
1.450000000000000000e+03
1.837000000000000000e+03
1.642000000000000000e+03
2.195000000000000000e+03
1.113000000000000000e+03
2.228000000000000000e+03
8.170000000000000000e+02
2.473000000000000000e+03
2.195000000000000000e+03
1.996000000000000000e+03
1.644000000000000000e+03
2.436000000000000000e+03
1.361000000000000000e+03
1.117000000000000000e+03
2.062000000000000000e+03
1.485000000000000000e+03
1.571000000000000000e+03
1.012000000000000000e+03
1.564000000000000000e+03
1.905000000000000000e+03
2.281000000000000000e+03
1.762000000000000000e+03
1.471000000000000000e+03
1.588000000000000000e+03
2.354000000000000000e+03
2.402000000000000000e+03
1.213000000000000000e+03
2.116000000000000000e+03
1.485000000000000000e+03
8.320000000000000000e+02
1.119000000000000000e+03
1.935000000000000000e+03
1.812000000000000000e+03
2.081000000000000000e+03
8.610000000000000000e+02
9.750000000000000000e+02
2.480000000000000000e+03
9.510000000000000000e+02
7.620000000000000000e+02
2.132000000000000000e+03
1.843000000000000000e+03
2.466000000000000000e+03
1.628000000000000000e+03
7.070000000000000000e+02
2.228000000000000000e+03
1.692000000000000000e+03
1.292000000000000000e+03
1.473000000000000000e+03
1.097000000000000000e+03
1.274000000000000000e+03
1.828000000000000000e+03
2.930000000000000000e+02
1.235000000000000000e+03
1.761000000000000000e+03
1.472000000000000000e+03
2.074000000000000000e+03
1.701000000000000000e+03
1.598000000000000000e+03
2.400000000000000000e+03
2.344000000000000000e+03
2.195000000000000000e+03
2.186000000000000000e+03
6.230000000000000000e+02
2.375000000000000000e+03
1.987000000000000000e+03
2.305000000000000000e+03
2.231000000000000000e+03
1.798000000000000000e+03
2.228000000000000000e+03
2.195000000000000000e+03
2.262000000000000000e+03
2.228000000000000000e+03
2.104000000000000000e+03
2.009000000000000000e+03
2.144000000000000000e+03
2.125000000000000000e+03
5.540000000000000000e+02
1.873000000000000000e+03
9.150000000000000000e+02
7.210000000000000000e+02
2.482000000000000000e+03
2.464000000000000000e+03
1.708000000000000000e+03
2.228000000000000000e+03
1.831000000000000000e+03
2.248000000000000000e+03
1.805000000000000000e+03
2.186000000000000000e+03
2.116000000000000000e+03
9.820000000000000000e+02
1.268000000000000000e+03
1.149000000000000000e+03
2.071000000000000000e+03
2.195000000000000000e+03
2.228000000000000000e+03
1.873000000000000000e+03
8.990000000000000000e+02
2.453000000000000000e+03
6.840000000000000000e+02
1.989000000000000000e+03
1.537000000000000000e+03
1.799000000000000000e+03
1.996000000000000000e+03
1.827000000000000000e+03
2.340000000000000000e+02
2.405000000000000000e+03
2.186000000000000000e+03
1.605000000000000000e+03
1.237000000000000000e+03
1.985000000000000000e+03
1.377000000000000000e+03
1.913000000000000000e+03
1.662000000000000000e+03
4.780000000000000000e+02
1.489000000000000000e+03
8.460000000000000000e+02
1.397000000000000000e+03
2.167000000000000000e+03
2.382000000000000000e+03
4.470000000000000000e+02
2.101000000000000000e+03
1.371000000000000000e+03
1.065000000000000000e+03
2.324000000000000000e+03
2.236000000000000000e+03
1.300000000000000000e+03
1.487000000000000000e+03
2.062000000000000000e+03
1.540000000000000000e+03
1.740000000000000000e+03
3.990000000000000000e+02
6.670000000000000000e+02
9.250000000000000000e+02
2.195000000000000000e+03
1.475000000000000000e+03
1.703000000000000000e+03
1.453000000000000000e+03
1.977000000000000000e+03
3.660000000000000000e+02
2.375000000000000000e+03
2.320000000000000000e+03
1.982000000000000000e+03
1.371000000000000000e+03
1.540000000000000000e+03
7.920000000000000000e+02
2.228000000000000000e+03
2.319000000000000000e+03
6.870000000000000000e+02
1.685000000000000000e+03
1.776000000000000000e+03
2.220000000000000000e+03
5.660000000000000000e+02
2.228000000000000000e+03
2.195000000000000000e+03
2.062000000000000000e+03
2.263000000000000000e+03
2.379000000000000000e+03
6.440000000000000000e+02
1.467000000000000000e+03
2.186000000000000000e+03
1.701000000000000000e+03
1.532000000000000000e+03
1.807000000000000000e+03
1.451000000000000000e+03
1.692000000000000000e+03
1.431000000000000000e+03
2.367000000000000000e+03
2.403000000000000000e+03
2.207000000000000000e+03
2.151000000000000000e+03
2.116000000000000000e+03
5.430000000000000000e+02
2.309000000000000000e+03
2.387000000000000000e+03
2.441000000000000000e+03
1.177000000000000000e+03
1.759000000000000000e+03
1.319000000000000000e+03
1.467000000000000000e+03
1.213000000000000000e+03
1.800000000000000000e+03
8.800000000000000000e+02
1.795000000000000000e+03
2.082000000000000000e+03
1.636000000000000000e+03
2.335000000000000000e+03
2.207000000000000000e+03
7.260000000000000000e+02
1.588000000000000000e+03
1.200000000000000000e+03
1.639000000000000000e+03
1.409000000000000000e+03
1.117000000000000000e+03
2.465000000000000000e+03
2.012000000000000000e+03
2.074000000000000000e+03
1.751000000000000000e+03
1.264000000000000000e+03
2.292000000000000000e+03
2.269000000000000000e+03
2.260000000000000000e+03
1.476000000000000000e+03
1.295000000000000000e+03
1.144000000000000000e+03
8.190000000000000000e+02
1.914000000000000000e+03
6.550000000000000000e+02
8.150000000000000000e+02
1.990000000000000000e+03
2.226000000000000000e+03
2.425000000000000000e+03
1.571000000000000000e+03
1.509000000000000000e+03
2.376000000000000000e+03
2.457000000000000000e+03
1.271000000000000000e+03
2.371000000000000000e+03
1.885000000000000000e+03
2.428000000000000000e+03
1.088000000000000000e+03
2.289000000000000000e+03
1.689000000000000000e+03
9.150000000000000000e+02
2.178000000000000000e+03
6.730000000000000000e+02
2.352000000000000000e+03
2.387000000000000000e+03
1.142000000000000000e+03
1.991000000000000000e+03
4.740000000000000000e+02
1.938000000000000000e+03
1.235000000000000000e+03
1.423000000000000000e+03
2.069000000000000000e+03
1.653000000000000000e+03
3.800000000000000000e+02
1.175000000000000000e+03
2.445000000000000000e+03
2.228000000000000000e+03
2.261000000000000000e+03
2.471000000000000000e+03
2.414000000000000000e+03
1.873000000000000000e+03
2.057000000000000000e+03
1.938000000000000000e+03
1.079000000000000000e+03
1.923000000000000000e+03
2.299000000000000000e+03
8.900000000000000000e+02
1.459000000000000000e+03
2.179000000000000000e+03
2.381000000000000000e+03
1.325000000000000000e+03
1.772000000000000000e+03
2.471000000000000000e+03
5.410000000000000000e+02
3.490000000000000000e+02
2.356000000000000000e+03
2.239000000000000000e+03
1.623000000000000000e+03
1.603000000000000000e+03
1.882000000000000000e+03
1.377000000000000000e+03
1.969000000000000000e+03
2.483000000000000000e+03
2.101000000000000000e+03
2.021000000000000000e+03
8.010000000000000000e+02
2.338000000000000000e+03
1.920000000000000000e+03
1.580000000000000000e+03
2.436000000000000000e+03
2.382000000000000000e+03
1.593000000000000000e+03
1.425000000000000000e+03
5.450000000000000000e+02
1.703000000000000000e+03
1.767000000000000000e+03
1.151000000000000000e+03
2.059000000000000000e+03
2.228000000000000000e+03
2.001000000000000000e+03
8.180000000000000000e+02
2.309000000000000000e+03
1.912000000000000000e+03
8.500000000000000000e+02
1.045000000000000000e+03
1.238000000000000000e+03
1.151000000000000000e+03
1.151000000000000000e+03
1.681000000000000000e+03
8.550000000000000000e+02
1.430000000000000000e+03
2.387000000000000000e+03
2.289000000000000000e+03
2.115000000000000000e+03
1.647000000000000000e+03
2.108000000000000000e+03
1.825000000000000000e+03
1.892000000000000000e+03
2.093000000000000000e+03
1.674000000000000000e+03
2.910000000000000000e+02
2.033000000000000000e+03
1.996000000000000000e+03
2.106000000000000000e+03
1.627000000000000000e+03
1.151000000000000000e+03
1.284000000000000000e+03
2.165000000000000000e+03
7.410000000000000000e+02
1.828000000000000000e+03
2.368000000000000000e+03
1.776000000000000000e+03
1.430000000000000000e+03
2.228000000000000000e+03
1.260000000000000000e+02
1.814000000000000000e+03
2.062000000000000000e+03
2.391000000000000000e+03
2.033000000000000000e+03
1.680000000000000000e+03
1.690000000000000000e+03
1.750000000000000000e+03
1.826000000000000000e+03
5.380000000000000000e+02
1.603000000000000000e+03
2.086000000000000000e+03
1.649000000000000000e+03
2.036000000000000000e+03
2.228000000000000000e+03
1.672000000000000000e+03
1.103000000000000000e+03
1.529000000000000000e+03
1.773000000000000000e+03
1.597000000000000000e+03
1.863000000000000000e+03
2.304000000000000000e+03
1.734000000000000000e+03
1.689000000000000000e+03
9.680000000000000000e+02
1.008000000000000000e+03
1.211000000000000000e+03
2.244000000000000000e+03
2.150000000000000000e+03
2.212000000000000000e+03
1.905000000000000000e+03
2.349000000000000000e+03
1.587000000000000000e+03
1.865000000000000000e+03
1.133000000000000000e+03
1.339000000000000000e+03
1.917000000000000000e+03
1.734000000000000000e+03
1.889000000000000000e+03
1.592000000000000000e+03
1.983000000000000000e+03
2.032000000000000000e+03
9.660000000000000000e+02
1.429000000000000000e+03
1.486000000000000000e+03
1.297000000000000000e+03
1.649000000000000000e+03
2.142000000000000000e+03
1.575000000000000000e+03
1.957000000000000000e+03
2.477000000000000000e+03
2.471000000000000000e+03
1.878000000000000000e+03
1.570000000000000000e+03
9.250000000000000000e+02
2.382000000000000000e+03
1.033000000000000000e+03
1.850000000000000000e+03
1.895000000000000000e+03
2.471000000000000000e+03
2.443000000000000000e+03
1.402000000000000000e+03
1.996000000000000000e+03
2.130000000000000000e+03
2.439000000000000000e+03
2.017000000000000000e+03
1.374000000000000000e+03
2.165000000000000000e+03
2.203000000000000000e+03
1.128000000000000000e+03
7.860000000000000000e+02
2.387000000000000000e+03
1.224000000000000000e+03
1.164000000000000000e+03
2.385000000000000000e+03
2.335000000000000000e+03
2.055000000000000000e+03
2.471000000000000000e+03
2.076000000000000000e+03
1.543000000000000000e+03
8.590000000000000000e+02
2.425000000000000000e+03
6.150000000000000000e+02
1.515000000000000000e+03
3.600000000000000000e+02
2.484000000000000000e+03
2.425000000000000000e+03
6.500000000000000000e+02
2.446000000000000000e+03
2.169000000000000000e+03
9.090000000000000000e+02
2.285000000000000000e+03
9.810000000000000000e+02
1.388000000000000000e+03
2.167000000000000000e+03
2.364000000000000000e+03
1.114000000000000000e+03
2.228000000000000000e+03
1.773000000000000000e+03
2.033000000000000000e+03
1.800000000000000000e+03
1.542000000000000000e+03
2.480000000000000000e+03
2.292000000000000000e+03
2.482000000000000000e+03
1.440000000000000000e+03
1.482000000000000000e+03
1.545000000000000000e+03
1.958000000000000000e+03
5.740000000000000000e+02
7.920000000000000000e+02
2.070000000000000000e+02
2.226000000000000000e+03
2.122000000000000000e+03
2.112000000000000000e+03
2.382000000000000000e+03
2.333000000000000000e+03
1.655000000000000000e+03
7.440000000000000000e+02
2.187000000000000000e+03
1.421000000000000000e+03
2.228000000000000000e+03
2.190000000000000000e+03
1.903000000000000000e+03
1.338000000000000000e+03
2.115000000000000000e+03
7.860000000000000000e+02
2.222000000000000000e+03
1.774000000000000000e+03
1.954000000000000000e+03
2.160000000000000000e+03
9.120000000000000000e+02
1.208000000000000000e+03
2.328000000000000000e+03
9.960000000000000000e+02
1.126000000000000000e+03
1.573000000000000000e+03
1.099000000000000000e+03
2.175000000000000000e+03
2.228000000000000000e+03
1.236000000000000000e+03
7.440000000000000000e+02
1.062000000000000000e+03
9.270000000000000000e+02
1.990000000000000000e+03
1.930000000000000000e+03
2.980000000000000000e+02
1.514000000000000000e+03
9.640000000000000000e+02
7.880000000000000000e+02
1.430000000000000000e+03
2.350000000000000000e+03
2.425000000000000000e+03
1.824000000000000000e+03
8.150000000000000000e+02
1.672000000000000000e+03
2.132000000000000000e+03
1.358000000000000000e+03
2.132000000000000000e+03
2.471000000000000000e+03
8.320000000000000000e+02
1.430000000000000000e+03
1.273000000000000000e+03
2.382000000000000000e+03
8.920000000000000000e+02
1.902000000000000000e+03
2.228000000000000000e+03
9.580000000000000000e+02
2.062000000000000000e+03
1.996000000000000000e+03
2.435000000000000000e+03
1.090000000000000000e+03
1.308000000000000000e+03
1.079000000000000000e+03
2.970000000000000000e+02
1.681000000000000000e+03
1.131000000000000000e+03
1.325000000000000000e+03
1.981000000000000000e+03
2.130000000000000000e+02
2.009000000000000000e+03
2.101000000000000000e+03
1.554000000000000000e+03
2.364000000000000000e+03
2.140000000000000000e+03
1.156000000000000000e+03
1.667000000000000000e+03
1.491000000000000000e+03
7.410000000000000000e+02
2.121000000000000000e+03
1.943000000000000000e+03
1.148000000000000000e+03
1.197000000000000000e+03
7.900000000000000000e+02
1.731000000000000000e+03
1.394000000000000000e+03
1.307000000000000000e+03
1.917000000000000000e+03
2.228000000000000000e+03
1.649000000000000000e+03
1.878000000000000000e+03
2.253000000000000000e+03
1.373000000000000000e+03
2.387000000000000000e+03
1.689000000000000000e+03
2.457000000000000000e+03
2.469000000000000000e+03
1.236000000000000000e+03
1.793000000000000000e+03
2.262000000000000000e+03
2.299000000000000000e+03
1.967000000000000000e+03
1.554000000000000000e+03
1.430000000000000000e+03
6.020000000000000000e+02
2.077000000000000000e+03
1.846000000000000000e+03
5.410000000000000000e+02
1.659000000000000000e+03
2.409000000000000000e+03
2.071000000000000000e+03
1.384000000000000000e+03
2.228000000000000000e+03
7.030000000000000000e+02
1.800000000000000000e+03
2.370000000000000000e+03
1.307000000000000000e+03
1.727000000000000000e+03
2.195000000000000000e+03
2.401000000000000000e+03
2.475000000000000000e+03
4.060000000000000000e+02
2.298000000000000000e+03
2.228000000000000000e+03
2.435000000000000000e+03
2.301000000000000000e+03
2.341000000000000000e+03
2.248000000000000000e+03
1.649000000000000000e+03
2.269000000000000000e+03
2.228000000000000000e+03
1.821000000000000000e+03
1.148000000000000000e+03
2.181000000000000000e+03
1.497000000000000000e+03
1.372000000000000000e+03
1.611000000000000000e+03
1.244000000000000000e+03
9.680000000000000000e+02
2.258000000000000000e+03
2.222000000000000000e+03
1.619000000000000000e+03
5.770000000000000000e+02
2.347000000000000000e+03
2.236000000000000000e+03
1.487000000000000000e+03
1.073000000000000000e+03
1.903000000000000000e+03
2.228000000000000000e+03
2.197000000000000000e+03
1.634000000000000000e+03
1.694000000000000000e+03
2.129000000000000000e+03
2.068000000000000000e+03
8.430000000000000000e+02
1.996000000000000000e+03
1.952000000000000000e+03
1.353000000000000000e+03
1.746000000000000000e+03
1.278000000000000000e+03
2.338000000000000000e+03
2.102000000000000000e+03
1.221000000000000000e+03
2.382000000000000000e+03
2.101000000000000000e+03
2.118000000000000000e+03
2.482000000000000000e+03
1.657000000000000000e+03
2.351000000000000000e+03
1.256000000000000000e+03
2.418000000000000000e+03
1.316000000000000000e+03
1.975000000000000000e+03
1.734000000000000000e+03
2.134000000000000000e+03
1.753000000000000000e+03
1.961000000000000000e+03
1.822000000000000000e+03
1.206000000000000000e+03
1.127000000000000000e+03
2.302000000000000000e+03
1.861000000000000000e+03
1.475000000000000000e+03
2.406000000000000000e+03
1.587000000000000000e+03
6.650000000000000000e+02
2.189000000000000000e+03
2.052000000000000000e+03
2.094000000000000000e+03
4.030000000000000000e+02
8.670000000000000000e+02
2.057000000000000000e+03
1.878000000000000000e+03
1.917000000000000000e+03
6.410000000000000000e+02
2.393000000000000000e+03
2.195000000000000000e+03
1.373000000000000000e+03
1.093000000000000000e+03
1.694000000000000000e+03
1.206000000000000000e+03
2.396000000000000000e+03
1.618000000000000000e+03
1.792000000000000000e+03
1.872000000000000000e+03
1.970000000000000000e+03
1.667000000000000000e+03
2.331000000000000000e+03
1.988000000000000000e+03
1.077000000000000000e+03
1.604000000000000000e+03
1.297000000000000000e+03
9.100000000000000000e+02
1.447000000000000000e+03
2.118000000000000000e+03
1.368000000000000000e+03
7.480000000000000000e+02
1.776000000000000000e+03
1.651000000000000000e+03
2.396000000000000000e+03
2.203000000000000000e+03
1.170000000000000000e+03
1.691000000000000000e+03
2.228000000000000000e+03
2.313000000000000000e+03
1.706000000000000000e+03
2.299000000000000000e+03
1.016000000000000000e+03
1.795000000000000000e+03
2.455000000000000000e+03
1.913000000000000000e+03
1.151000000000000000e+03
3.200000000000000000e+01
1.910000000000000000e+03
1.989000000000000000e+03
2.248000000000000000e+03
2.076000000000000000e+03
1.905000000000000000e+03
1.991000000000000000e+03
4.620000000000000000e+02
1.242000000000000000e+03
2.187000000000000000e+03
2.111000000000000000e+03
2.374000000000000000e+03
2.228000000000000000e+03
2.161000000000000000e+03
2.228000000000000000e+03
1.818000000000000000e+03
2.317000000000000000e+03
1.547000000000000000e+03
2.000000000000000000e+03
2.383000000000000000e+03
1.000000000000000000e+03
8.660000000000000000e+02
5.760000000000000000e+02
1.415000000000000000e+03
2.042000000000000000e+03
8.600000000000000000e+02
2.068000000000000000e+03
1.903000000000000000e+03
2.188000000000000000e+03
1.846000000000000000e+03
1.001000000000000000e+03
1.966000000000000000e+03
2.195000000000000000e+03
1.318000000000000000e+03
2.471000000000000000e+03
1.926000000000000000e+03
2.142000000000000000e+03
1.083000000000000000e+03
2.660000000000000000e+02
2.398000000000000000e+03
2.471000000000000000e+03
1.569000000000000000e+03
1.968000000000000000e+03
2.134000000000000000e+03
2.118000000000000000e+03
1.945000000000000000e+03
1.710000000000000000e+03
1.842000000000000000e+03
1.573000000000000000e+03
2.008000000000000000e+03
9.980000000000000000e+02
2.085000000000000000e+03
1.621000000000000000e+03
2.344000000000000000e+03
1.244000000000000000e+03
1.409000000000000000e+03
1.321000000000000000e+03
1.996000000000000000e+03
2.195000000000000000e+03
2.195000000000000000e+03
7.710000000000000000e+02
2.392000000000000000e+03
1.948000000000000000e+03
2.290000000000000000e+03
2.049000000000000000e+03
2.040000000000000000e+03
2.077000000000000000e+03
1.367000000000000000e+03
1.384000000000000000e+03
2.391000000000000000e+03
1.489000000000000000e+03
1.996000000000000000e+03
2.386000000000000000e+03
7.240000000000000000e+02
2.335000000000000000e+03
2.101000000000000000e+03
1.571000000000000000e+03
1.667000000000000000e+03
2.228000000000000000e+03
1.694000000000000000e+03
2.393000000000000000e+03
1.306000000000000000e+03
2.108000000000000000e+03
1.971000000000000000e+03
1.917000000000000000e+03
1.643000000000000000e+03
2.086000000000000000e+03
2.386000000000000000e+03
9.530000000000000000e+02
1.800000000000000000e+03
1.373000000000000000e+03
2.387000000000000000e+03
2.392000000000000000e+03
1.601000000000000000e+03
1.358000000000000000e+03
1.925000000000000000e+03
1.982000000000000000e+03
1.542000000000000000e+03
9.250000000000000000e+02
7.120000000000000000e+02
1.863000000000000000e+03
2.003000000000000000e+03
2.424000000000000000e+03
1.193000000000000000e+03
1.284000000000000000e+03
2.125000000000000000e+03
2.445000000000000000e+03
1.060000000000000000e+03
1.462000000000000000e+03
1.453000000000000000e+03
2.228000000000000000e+03
2.478000000000000000e+03
1.236000000000000000e+03
2.222000000000000000e+03
1.376000000000000000e+03
2.195000000000000000e+03
2.360000000000000000e+03
2.228000000000000000e+03
1.045000000000000000e+03
2.303000000000000000e+03
1.497000000000000000e+03
1.193000000000000000e+03
2.397000000000000000e+03
1.824000000000000000e+03
1.635000000000000000e+03
1.965000000000000000e+03
1.469000000000000000e+03
2.427000000000000000e+03
9.620000000000000000e+02
2.056000000000000000e+03
1.402000000000000000e+03
2.076000000000000000e+03
1.585000000000000000e+03
1.151000000000000000e+03
1.882000000000000000e+03
1.287000000000000000e+03
2.160000000000000000e+03
1.823000000000000000e+03
2.471000000000000000e+03
2.387000000000000000e+03
1.357000000000000000e+03
2.061000000000000000e+03
6.720000000000000000e+02
8.660000000000000000e+02
2.228000000000000000e+03
2.471000000000000000e+03
1.722000000000000000e+03
2.340000000000000000e+03
1.771000000000000000e+03
2.271000000000000000e+03
1.733000000000000000e+03
2.243000000000000000e+03
5.480000000000000000e+02
2.293000000000000000e+03
2.195000000000000000e+03
1.414000000000000000e+03
8.340000000000000000e+02
1.601000000000000000e+03
1.902000000000000000e+03
5.730000000000000000e+02
2.341000000000000000e+03
1.682000000000000000e+03
1.273000000000000000e+03
1.996000000000000000e+03
1.902000000000000000e+03
1.007000000000000000e+03
1.152000000000000000e+03
8.770000000000000000e+02
1.996000000000000000e+03
1.609000000000000000e+03
2.165000000000000000e+03
1.572000000000000000e+03
7.220000000000000000e+02
1.358000000000000000e+03
1.633000000000000000e+03
6.760000000000000000e+02
1.052000000000000000e+03
2.132000000000000000e+03
1.527000000000000000e+03
1.776000000000000000e+03
1.023000000000000000e+03
2.086000000000000000e+03
2.139000000000000000e+03
2.118000000000000000e+03
2.118000000000000000e+03
1.223000000000000000e+03
1.068000000000000000e+03
1.250000000000000000e+02
2.471000000000000000e+03
2.347000000000000000e+03
2.383000000000000000e+03
2.228000000000000000e+03
1.213000000000000000e+03
2.373000000000000000e+03
9.250000000000000000e+02
1.706000000000000000e+03
1.229000000000000000e+03
1.372000000000000000e+03
1.023000000000000000e+03
2.320000000000000000e+03
6.310000000000000000e+02
1.414000000000000000e+03
1.453000000000000000e+03
2.229000000000000000e+03
2.186000000000000000e+03
1.892000000000000000e+03
9.400000000000000000e+01
1.052000000000000000e+03
6.450000000000000000e+02
1.959000000000000000e+03
1.289000000000000000e+03
2.126000000000000000e+03
1.798000000000000000e+03
1.117000000000000000e+03
2.382000000000000000e+03
9.250000000000000000e+02
1.082000000000000000e+03
1.705000000000000000e+03
1.854000000000000000e+03
2.196000000000000000e+03
2.128000000000000000e+03
1.272000000000000000e+03
1.302000000000000000e+03
2.034000000000000000e+03
2.039000000000000000e+03
1.967000000000000000e+03
1.546000000000000000e+03
2.228000000000000000e+03
5.360000000000000000e+02
9.820000000000000000e+02
9.220000000000000000e+02
1.384000000000000000e+03
8.000000000000000000e+02
1.688000000000000000e+03
1.268000000000000000e+03
2.010000000000000000e+03
1.316000000000000000e+03
1.409000000000000000e+03
1.009000000000000000e+03
1.308000000000000000e+03
2.387000000000000000e+03
5.310000000000000000e+02
2.129000000000000000e+03
2.134000000000000000e+03
1.205000000000000000e+03
2.228000000000000000e+03
1.311000000000000000e+03
1.788000000000000000e+03
1.710000000000000000e+02
8.470000000000000000e+02
2.195000000000000000e+03
2.116000000000000000e+03
1.996000000000000000e+03
2.335000000000000000e+03
2.216000000000000000e+03
1.861000000000000000e+03
2.139000000000000000e+03
9.380000000000000000e+02
1.861000000000000000e+03
9.750000000000000000e+02
8.510000000000000000e+02
2.017000000000000000e+03
1.983000000000000000e+03
2.394000000000000000e+03
1.325000000000000000e+03
1.219000000000000000e+03
1.048000000000000000e+03
6.730000000000000000e+02
1.063000000000000000e+03
1.631000000000000000e+03
9.480000000000000000e+02
2.228000000000000000e+03
9.410000000000000000e+02
1.925000000000000000e+03
2.214000000000000000e+03
2.271000000000000000e+03
2.101000000000000000e+03
1.661000000000000000e+03
2.228000000000000000e+03
1.758000000000000000e+03
2.207000000000000000e+03
8.400000000000000000e+02
2.171000000000000000e+03
1.800000000000000000e+03
1.599000000000000000e+03
1.329000000000000000e+03
1.106000000000000000e+03
8.430000000000000000e+02
9.810000000000000000e+02
1.486000000000000000e+03
1.654000000000000000e+03
1.601000000000000000e+03
2.379000000000000000e+03
1.483000000000000000e+03
1.925000000000000000e+03
1.644000000000000000e+03
2.264000000000000000e+03
5.490000000000000000e+02
2.008000000000000000e+03
1.316000000000000000e+03
9.250000000000000000e+02
2.397000000000000000e+03
2.465000000000000000e+03
1.649000000000000000e+03
2.067000000000000000e+03
2.222000000000000000e+03
1.816000000000000000e+03
2.050000000000000000e+03
9.070000000000000000e+02
2.078000000000000000e+03
7.400000000000000000e+02
5.240000000000000000e+02
2.458000000000000000e+03
2.258000000000000000e+03
1.790000000000000000e+03
1.484000000000000000e+03
1.608000000000000000e+03
5.500000000000000000e+02
2.061000000000000000e+03
1.004000000000000000e+03
2.228000000000000000e+03
1.738000000000000000e+03
1.985000000000000000e+03
2.471000000000000000e+03
1.217000000000000000e+03
2.018000000000000000e+03
1.200000000000000000e+03
2.451000000000000000e+03
1.421000000000000000e+03
6.760000000000000000e+02
1.032000000000000000e+03
1.926000000000000000e+03
1.902000000000000000e+03
3.510000000000000000e+02
1.772000000000000000e+03
1.002000000000000000e+03
2.284000000000000000e+03
1.694000000000000000e+03
1.226000000000000000e+03
1.687000000000000000e+03
9.240000000000000000e+02
2.484000000000000000e+03
1.307000000000000000e+03
2.115000000000000000e+03
1.130000000000000000e+03
1.109000000000000000e+03
2.228000000000000000e+03
2.176000000000000000e+03
1.788000000000000000e+03
2.117000000000000000e+03
2.271000000000000000e+03
1.681000000000000000e+03
1.996000000000000000e+03
1.506000000000000000e+03
2.107000000000000000e+03
1.695000000000000000e+03
5.890000000000000000e+02
2.286000000000000000e+03
2.297000000000000000e+03
1.824000000000000000e+03
1.706000000000000000e+03
1.392000000000000000e+03
1.405000000000000000e+03
2.073000000000000000e+03
1.996000000000000000e+03
1.337000000000000000e+03
2.186000000000000000e+03
1.993000000000000000e+03
2.209000000000000000e+03
3.150000000000000000e+02
1.441000000000000000e+03
1.857000000000000000e+03
2.203000000000000000e+03
2.126000000000000000e+03
1.206000000000000000e+03
1.273000000000000000e+03
2.467000000000000000e+03
1.714000000000000000e+03
2.183000000000000000e+03
1.541000000000000000e+03
7.810000000000000000e+02
1.796000000000000000e+03
1.343000000000000000e+03
2.133000000000000000e+03
1.165000000000000000e+03
2.474000000000000000e+03
1.996000000000000000e+03
1.312000000000000000e+03
2.055000000000000000e+03
1.023000000000000000e+03
1.585000000000000000e+03
2.382000000000000000e+03
1.615000000000000000e+03
2.228000000000000000e+03
1.808000000000000000e+03
2.166000000000000000e+03
1.377000000000000000e+03
1.036000000000000000e+03
7.200000000000000000e+02
1.252000000000000000e+03
2.101000000000000000e+03
2.076000000000000000e+03
1.006000000000000000e+03
1.388000000000000000e+03
1.755000000000000000e+03
2.408000000000000000e+03
2.228000000000000000e+03
2.154000000000000000e+03
2.407000000000000000e+03
2.195000000000000000e+03
9.150000000000000000e+02
1.813000000000000000e+03
1.905000000000000000e+03
2.302000000000000000e+03
2.195000000000000000e+03
2.289000000000000000e+03
1.547000000000000000e+03
1.996000000000000000e+03
1.675000000000000000e+03
1.996000000000000000e+03
9.680000000000000000e+02
5.790000000000000000e+02
2.183000000000000000e+03
2.099000000000000000e+03
6.790000000000000000e+02
1.173000000000000000e+03
2.482000000000000000e+03
1.873000000000000000e+03
9.250000000000000000e+02
1.644000000000000000e+03
1.040000000000000000e+03
1.601000000000000000e+03
1.599000000000000000e+03
2.118000000000000000e+03
2.106000000000000000e+03
1.405000000000000000e+03
2.288000000000000000e+03
1.763000000000000000e+03
1.888000000000000000e+03
1.665000000000000000e+03
1.671000000000000000e+03
2.337000000000000000e+03
1.764000000000000000e+03
2.122000000000000000e+03
1.268000000000000000e+03
1.917000000000000000e+03
1.831000000000000000e+03
1.670000000000000000e+03
1.072000000000000000e+03
1.200000000000000000e+03
1.107000000000000000e+03
2.101000000000000000e+03
2.089000000000000000e+03
2.471000000000000000e+03
2.040000000000000000e+03
2.001000000000000000e+03
1.692000000000000000e+03
6.170000000000000000e+02
2.195000000000000000e+03
1.966000000000000000e+03
2.419000000000000000e+03
7.540000000000000000e+02
1.977000000000000000e+03
1.850000000000000000e+03
1.132000000000000000e+03
1.687000000000000000e+03
1.961000000000000000e+03
2.231000000000000000e+03
1.446000000000000000e+03
1.630000000000000000e+03
1.174000000000000000e+03
1.236000000000000000e+03
2.218000000000000000e+03
2.389000000000000000e+03
2.195000000000000000e+03
2.473000000000000000e+03
1.357000000000000000e+03
1.325000000000000000e+03
2.283000000000000000e+03
1.637000000000000000e+03
3.230000000000000000e+02
8.320000000000000000e+02
1.230000000000000000e+03
2.365000000000000000e+03
2.471000000000000000e+03
1.910000000000000000e+03
9.670000000000000000e+02
2.228000000000000000e+03
6.110000000000000000e+02
2.236000000000000000e+03
1.561000000000000000e+03
2.346000000000000000e+03
6.690000000000000000e+02
2.443000000000000000e+03
2.186000000000000000e+03
1.540000000000000000e+03
1.562000000000000000e+03
2.116000000000000000e+03
1.663000000000000000e+03
2.064000000000000000e+03
1.972000000000000000e+03
2.054000000000000000e+03
2.195000000000000000e+03
1.286000000000000000e+03
2.236000000000000000e+03
1.461000000000000000e+03
1.840000000000000000e+03
2.146000000000000000e+03
5.880000000000000000e+02
7.900000000000000000e+02
1.066000000000000000e+03
2.397000000000000000e+03
6.870000000000000000e+02
2.368000000000000000e+03
1.766000000000000000e+03
3.820000000000000000e+02
1.740000000000000000e+02
1.430000000000000000e+03
1.446000000000000000e+03
9.910000000000000000e+02
1.863000000000000000e+03
2.025000000000000000e+03
2.150000000000000000e+03
1.199000000000000000e+03
1.692000000000000000e+03
2.108000000000000000e+03
9.240000000000000000e+02
5.410000000000000000e+02
2.117000000000000000e+03
2.057000000000000000e+03
2.374000000000000000e+03
2.313000000000000000e+03
2.200000000000000000e+03
2.338000000000000000e+03
1.918000000000000000e+03
1.905000000000000000e+03
2.221000000000000000e+03
4.460000000000000000e+02
2.362000000000000000e+03
2.425000000000000000e+03
1.994000000000000000e+03
2.094000000000000000e+03
1.191000000000000000e+03
2.030000000000000000e+03
2.271000000000000000e+03
1.360000000000000000e+02
2.108000000000000000e+03
1.879000000000000000e+03
9.830000000000000000e+02
9.680000000000000000e+02
2.186000000000000000e+03
9.970000000000000000e+02
2.228000000000000000e+03
1.801000000000000000e+03
1.016000000000000000e+03
2.226000000000000000e+03
1.316000000000000000e+03
2.081000000000000000e+03
2.471000000000000000e+03
2.108000000000000000e+03
2.354000000000000000e+03
2.275000000000000000e+03
1.965000000000000000e+03
1.572000000000000000e+03
2.229000000000000000e+03
2.058000000000000000e+03
2.228000000000000000e+03
2.374000000000000000e+03
7.500000000000000000e+02
6.560000000000000000e+02
2.459000000000000000e+03
2.910000000000000000e+02
1.552000000000000000e+03
2.382000000000000000e+03
1.373000000000000000e+03
2.333000000000000000e+03
2.367000000000000000e+03
2.228000000000000000e+03
2.064000000000000000e+03
1.874000000000000000e+03
1.683000000000000000e+03
1.506000000000000000e+03
1.850000000000000000e+03
1.218000000000000000e+03
2.271000000000000000e+03
2.402000000000000000e+03
2.076000000000000000e+03
5.880000000000000000e+02
1.966000000000000000e+03
1.556000000000000000e+03
1.814000000000000000e+03
2.148000000000000000e+03
2.465000000000000000e+03
6.110000000000000000e+02
2.415000000000000000e+03
1.974000000000000000e+03
1.580000000000000000e+03
2.471000000000000000e+03
1.333000000000000000e+03
2.195000000000000000e+03
2.349000000000000000e+03
8.640000000000000000e+02
2.186000000000000000e+03
2.425000000000000000e+03
2.094000000000000000e+03
9.660000000000000000e+02
3.440000000000000000e+02
1.982000000000000000e+03
2.400000000000000000e+03
1.366000000000000000e+03
2.262000000000000000e+03
2.148000000000000000e+03
2.094000000000000000e+03
2.342000000000000000e+03
6.480000000000000000e+02
2.026000000000000000e+03
1.276000000000000000e+03
2.228000000000000000e+03
1.302000000000000000e+03
9.810000000000000000e+02
1.996000000000000000e+03
1.511000000000000000e+03
2.389000000000000000e+03
1.934000000000000000e+03
1.366000000000000000e+03
1.354000000000000000e+03
2.159000000000000000e+03
1.594000000000000000e+03
1.647000000000000000e+03
1.549000000000000000e+03
1.761000000000000000e+03
2.228000000000000000e+03
1.310000000000000000e+03
1.311000000000000000e+03
1.593000000000000000e+03
2.228000000000000000e+03
1.724000000000000000e+03
2.243000000000000000e+03
1.200000000000000000e+03
5.980000000000000000e+02
1.146000000000000000e+03
2.233000000000000000e+03
8.410000000000000000e+02
1.599000000000000000e+03
1.272000000000000000e+03
2.284000000000000000e+03
1.554000000000000000e+03
5.220000000000000000e+02
1.206000000000000000e+03
1.206000000000000000e+03
1.878000000000000000e+03
1.748000000000000000e+03
1.373000000000000000e+03
2.382000000000000000e+03
1.649000000000000000e+03
1.430000000000000000e+03
1.738000000000000000e+03
1.776000000000000000e+03
2.186000000000000000e+03
2.203000000000000000e+03
1.852000000000000000e+03
1.123000000000000000e+03
2.062000000000000000e+03
2.118000000000000000e+03
1.710000000000000000e+02
2.222000000000000000e+03
2.456000000000000000e+03
1.252000000000000000e+03
2.228000000000000000e+03
1.533000000000000000e+03
2.298000000000000000e+03
9.180000000000000000e+02
9.800000000000000000e+02
2.389000000000000000e+03
8.850000000000000000e+02
5.660000000000000000e+02
1.706000000000000000e+03
8.880000000000000000e+02
2.366000000000000000e+03
6.320000000000000000e+02
2.118000000000000000e+03
2.127000000000000000e+03
2.462000000000000000e+03
2.024000000000000000e+03
1.430000000000000000e+03
1.661000000000000000e+03
1.734000000000000000e+03
1.584000000000000000e+03
1.328000000000000000e+03
1.218000000000000000e+03
2.387000000000000000e+03
2.291000000000000000e+03
2.101000000000000000e+03
2.195000000000000000e+03
8.830000000000000000e+02
2.186000000000000000e+03
1.491000000000000000e+03
1.165000000000000000e+03
2.013000000000000000e+03
1.550000000000000000e+03
2.285000000000000000e+03
2.262000000000000000e+03
1.905000000000000000e+03
2.355000000000000000e+03
2.055000000000000000e+03
2.228000000000000000e+03
2.228000000000000000e+03
7.310000000000000000e+02
1.108000000000000000e+03
1.995000000000000000e+03
1.584000000000000000e+03
2.233000000000000000e+03
1.463000000000000000e+03
2.390000000000000000e+03
9.120000000000000000e+02
8.870000000000000000e+02
1.850000000000000000e+03
1.612000000000000000e+03
1.593000000000000000e+03
1.773000000000000000e+03
1.620000000000000000e+02
9.890000000000000000e+02
1.941000000000000000e+03
2.475000000000000000e+03
2.464000000000000000e+03
1.978000000000000000e+03
1.206000000000000000e+03
2.228000000000000000e+03
1.863000000000000000e+03
2.030000000000000000e+03
2.366000000000000000e+03
2.236000000000000000e+03
6.400000000000000000e+01
2.186000000000000000e+03
2.342000000000000000e+03
2.418000000000000000e+03
1.612000000000000000e+03
1.052000000000000000e+03
2.228000000000000000e+03
1.166000000000000000e+03
1.946000000000000000e+03
1.703000000000000000e+03
1.917000000000000000e+03
1.446000000000000000e+03
2.095000000000000000e+03
1.590000000000000000e+03
2.484000000000000000e+03
2.186000000000000000e+03
1.100000000000000000e+03
2.387000000000000000e+03
2.159000000000000000e+03
1.778000000000000000e+03
3.020000000000000000e+02
2.275000000000000000e+03
2.085000000000000000e+03
2.407000000000000000e+03
2.416000000000000000e+03
1.824000000000000000e+03
1.451000000000000000e+03
1.106000000000000000e+03
1.899000000000000000e+03
2.228000000000000000e+03
1.182000000000000000e+03
2.233000000000000000e+03
1.959000000000000000e+03
1.656000000000000000e+03
1.750000000000000000e+03
2.063000000000000000e+03
5.850000000000000000e+02
1.316000000000000000e+03
1.237000000000000000e+03
2.040000000000000000e+03
1.794000000000000000e+03
2.111000000000000000e+03
1.882000000000000000e+03
1.092000000000000000e+03
2.157000000000000000e+03
1.807000000000000000e+03
2.261000000000000000e+03
1.638000000000000000e+03
1.573000000000000000e+03
2.220000000000000000e+02
1.883000000000000000e+03
2.459000000000000000e+03
2.116000000000000000e+03
1.359000000000000000e+03
1.543000000000000000e+03
2.062000000000000000e+03
1.479000000000000000e+03
1.883000000000000000e+03
1.208000000000000000e+03
1.618000000000000000e+03
1.345000000000000000e+03
1.738000000000000000e+03
2.161000000000000000e+03
1.687000000000000000e+03
2.328000000000000000e+03
1.985000000000000000e+03
4.200000000000000000e+02
2.440000000000000000e+03
2.224000000000000000e+03
5.410000000000000000e+02
1.315000000000000000e+03
1.836000000000000000e+03
1.850000000000000000e+03
7.590000000000000000e+02
2.228000000000000000e+03
9.250000000000000000e+02
2.111000000000000000e+03
2.166000000000000000e+03
1.565000000000000000e+03
1.956000000000000000e+03
2.228000000000000000e+03
1.359000000000000000e+03
1.026000000000000000e+03
2.192000000000000000e+03
7.300000000000000000e+02
2.133000000000000000e+03
2.101000000000000000e+03
1.824000000000000000e+03
6.210000000000000000e+02
1.283000000000000000e+03
2.471000000000000000e+03
1.482000000000000000e+03
2.142000000000000000e+03
1.405000000000000000e+03
1.065000000000000000e+03
2.076000000000000000e+03
1.015000000000000000e+03
1.585000000000000000e+03
1.430000000000000000e+03
2.389000000000000000e+03
2.482000000000000000e+03
1.322000000000000000e+03
1.551000000000000000e+03
2.076000000000000000e+03
1.112000000000000000e+03
1.143000000000000000e+03
3.490000000000000000e+02
2.465000000000000000e+03
2.286000000000000000e+03
2.412000000000000000e+03
1.888000000000000000e+03
2.253000000000000000e+03
8.780000000000000000e+02
2.009000000000000000e+03
2.040000000000000000e+03
1.929000000000000000e+03
2.242000000000000000e+03
1.996000000000000000e+03
6.260000000000000000e+02
2.101000000000000000e+03
1.506000000000000000e+03
2.393000000000000000e+03
1.197000000000000000e+03
1.151000000000000000e+03
2.097000000000000000e+03
1.672000000000000000e+03
1.853000000000000000e+03
1.114000000000000000e+03
1.886000000000000000e+03
1.809000000000000000e+03
1.585000000000000000e+03
1.208000000000000000e+03
1.604000000000000000e+03
1.235000000000000000e+03
7.680000000000000000e+02
2.098000000000000000e+03
1.445000000000000000e+03
1.979000000000000000e+03
1.761000000000000000e+03
2.237000000000000000e+03
2.271000000000000000e+03
2.289000000000000000e+03
1.692000000000000000e+03
2.400000000000000000e+03
2.465000000000000000e+03
2.214000000000000000e+03
1.735000000000000000e+03
2.146000000000000000e+03
1.762000000000000000e+03
2.482000000000000000e+03
1.242000000000000000e+03
2.228000000000000000e+03
2.281000000000000000e+03
9.180000000000000000e+02
2.158000000000000000e+03
1.114000000000000000e+03
2.418000000000000000e+03
1.350000000000000000e+03
2.375000000000000000e+03
6.760000000000000000e+02
1.114000000000000000e+03
1.142000000000000000e+03
4.510000000000000000e+02
2.236000000000000000e+03
5.710000000000000000e+02
9.160000000000000000e+02
1.082000000000000000e+03
1.569000000000000000e+03
1.413000000000000000e+03
1.237000000000000000e+03
4.770000000000000000e+02
2.282000000000000000e+03
1.832000000000000000e+03
1.365000000000000000e+03
2.387000000000000000e+03
1.761000000000000000e+03
1.761000000000000000e+03
8.880000000000000000e+02
1.696000000000000000e+03
1.725000000000000000e+03
2.228000000000000000e+03
2.289000000000000000e+03
2.347000000000000000e+03
1.147000000000000000e+03
1.609000000000000000e+03
2.370000000000000000e+03
4.850000000000000000e+02
2.418000000000000000e+03
2.422000000000000000e+03
1.874000000000000000e+03
1.578000000000000000e+03
1.277000000000000000e+03
1.191000000000000000e+03
2.116000000000000000e+03
2.222000000000000000e+03
2.013000000000000000e+03
1.964000000000000000e+03
1.873000000000000000e+03
2.228000000000000000e+03
1.601000000000000000e+03
2.202000000000000000e+03
1.996000000000000000e+03
1.946000000000000000e+03
6.990000000000000000e+02
2.333000000000000000e+03
1.520000000000000000e+03
1.993000000000000000e+03
2.064000000000000000e+03
9.180000000000000000e+02
1.971000000000000000e+03
4.610000000000000000e+02
1.996000000000000000e+03
1.355000000000000000e+03
1.245000000000000000e+03
1.463000000000000000e+03
1.151000000000000000e+03
2.209000000000000000e+03
1.582000000000000000e+03
2.471000000000000000e+03
6.510000000000000000e+02
2.231000000000000000e+03
2.471000000000000000e+03
2.157000000000000000e+03
1.723000000000000000e+03
1.197000000000000000e+03
5.400000000000000000e+02
7.740000000000000000e+02
2.186000000000000000e+03
2.189000000000000000e+03
9.250000000000000000e+02
2.295000000000000000e+03
1.208000000000000000e+03
1.334000000000000000e+03
1.614000000000000000e+03
2.228000000000000000e+03
1.396000000000000000e+03
1.272000000000000000e+03
1.383000000000000000e+03
1.630000000000000000e+03
2.139000000000000000e+03
1.743000000000000000e+03
2.195000000000000000e+03
8.060000000000000000e+02
2.387000000000000000e+03
2.393000000000000000e+03
1.032000000000000000e+03
1.325000000000000000e+03
2.452000000000000000e+03
1.490000000000000000e+03
1.774000000000000000e+03
1.765000000000000000e+03
2.106000000000000000e+03
1.156000000000000000e+03
2.368000000000000000e+03
2.063000000000000000e+03
2.346000000000000000e+03
1.338000000000000000e+03
1.267000000000000000e+03
1.571000000000000000e+03
1.625000000000000000e+03
1.397000000000000000e+03
1.615000000000000000e+03
1.827000000000000000e+03
2.228000000000000000e+03
1.691000000000000000e+03
2.390000000000000000e+03
2.471000000000000000e+03
2.355000000000000000e+03
4.960000000000000000e+02
2.292000000000000000e+03
1.630000000000000000e+03
2.228000000000000000e+03
2.290000000000000000e+03
2.114000000000000000e+03
1.133000000000000000e+03
2.382000000000000000e+03
1.621000000000000000e+03
2.192000000000000000e+03
2.299000000000000000e+03
2.186000000000000000e+03
3.570000000000000000e+02
1.979000000000000000e+03
1.711000000000000000e+03
7.870000000000000000e+02
2.160000000000000000e+03
7.200000000000000000e+02
2.207000000000000000e+03
2.387000000000000000e+03
2.387000000000000000e+03
1.230000000000000000e+03
1.917000000000000000e+03
1.297000000000000000e+03
2.419000000000000000e+03
1.016000000000000000e+03
1.580000000000000000e+03
1.762000000000000000e+03
8.510000000000000000e+02
2.374000000000000000e+03
1.710000000000000000e+02
2.118000000000000000e+03
8.180000000000000000e+02
1.373000000000000000e+03
1.065000000000000000e+03
2.194000000000000000e+03
3.490000000000000000e+02
2.045000000000000000e+03
2.436000000000000000e+03
1.343000000000000000e+03
1.402000000000000000e+03
2.186000000000000000e+03
2.356000000000000000e+03
2.205000000000000000e+03
1.850000000000000000e+03
1.540000000000000000e+03
2.060000000000000000e+03
2.453000000000000000e+03
1.341000000000000000e+03
2.195000000000000000e+03
2.403000000000000000e+03
2.228000000000000000e+03
2.313000000000000000e+03
1.206000000000000000e+03
1.985000000000000000e+03
2.228000000000000000e+03
3.390000000000000000e+02
1.996000000000000000e+03
2.101000000000000000e+03
1.663000000000000000e+03
1.219000000000000000e+03
1.287000000000000000e+03
1.260000000000000000e+03
2.012000000000000000e+03
2.228000000000000000e+03
1.556000000000000000e+03
1.244000000000000000e+03
1.565000000000000000e+03
1.665000000000000000e+03
1.396000000000000000e+03
1.940000000000000000e+03
1.662000000000000000e+03
1.884000000000000000e+03
2.462000000000000000e+03
1.268000000000000000e+03
2.236000000000000000e+03
1.572000000000000000e+03
8.170000000000000000e+02
5.660000000000000000e+02
1.353000000000000000e+03
1.430000000000000000e+03
2.407000000000000000e+03
1.567000000000000000e+03
2.201000000000000000e+03
1.292000000000000000e+03
2.118000000000000000e+03
2.007000000000000000e+03
2.229000000000000000e+03
1.631000000000000000e+03
2.084000000000000000e+03
1.584000000000000000e+03
1.971000000000000000e+03
1.281000000000000000e+03
2.460000000000000000e+03
2.460000000000000000e+03
1.652000000000000000e+03
2.287000000000000000e+03
2.228000000000000000e+03
1.914000000000000000e+03
1.995000000000000000e+03
1.206000000000000000e+03
1.740000000000000000e+02
1.097000000000000000e+03
2.396000000000000000e+03
2.228000000000000000e+03
1.236000000000000000e+03
1.298000000000000000e+03
1.800000000000000000e+03
1.754000000000000000e+03
1.273000000000000000e+03
1.594000000000000000e+03
2.238000000000000000e+03
1.873000000000000000e+03
2.157000000000000000e+03
7.780000000000000000e+02
1.203000000000000000e+03
1.236000000000000000e+03
1.572000000000000000e+03
1.328000000000000000e+03
2.181000000000000000e+03
1.778000000000000000e+03
1.497000000000000000e+03
2.160000000000000000e+03
1.142000000000000000e+03
2.116000000000000000e+03
2.299000000000000000e+03
1.776000000000000000e+03
1.869000000000000000e+03
2.228000000000000000e+03
1.575000000000000000e+03
2.228000000000000000e+03
2.228000000000000000e+03
1.958000000000000000e+03
9.250000000000000000e+02
1.117000000000000000e+03
1.743000000000000000e+03
1.316000000000000000e+03
7.420000000000000000e+02
2.228000000000000000e+03
2.482000000000000000e+03
2.134000000000000000e+03
7.830000000000000000e+02
2.242000000000000000e+03
7.200000000000000000e+02
6.170000000000000000e+02
4.960000000000000000e+02
2.382000000000000000e+03
1.025000000000000000e+03
2.261000000000000000e+03
1.503000000000000000e+03
1.703000000000000000e+03
1.861000000000000000e+03
2.101000000000000000e+03
8.390000000000000000e+02
2.186000000000000000e+03
2.237000000000000000e+03
2.195000000000000000e+03
2.076000000000000000e+03
9.760000000000000000e+02
1.686000000000000000e+03
1.599000000000000000e+03
2.243000000000000000e+03
2.036000000000000000e+03
1.108000000000000000e+03
1.567000000000000000e+03
2.118000000000000000e+03
2.093000000000000000e+03
2.062000000000000000e+03
2.462000000000000000e+03
2.236000000000000000e+03
1.139000000000000000e+03
2.128000000000000000e+03
4.510000000000000000e+02
1.678000000000000000e+03
2.173000000000000000e+03
2.175000000000000000e+03
2.000000000000000000e+03
1.599000000000000000e+03
6.820000000000000000e+02
2.186000000000000000e+03
1.508000000000000000e+03
1.724000000000000000e+03
2.418000000000000000e+03
2.393000000000000000e+03
1.710000000000000000e+03
8.000000000000000000e+02
1.382000000000000000e+03
1.430000000000000000e+03
1.130000000000000000e+03
2.540000000000000000e+02
1.248000000000000000e+03
8.230000000000000000e+02
2.468000000000000000e+03
2.067000000000000000e+03
1.781000000000000000e+03
1.586000000000000000e+03
2.183000000000000000e+03
2.382000000000000000e+03
2.189000000000000000e+03
1.002000000000000000e+03
5.010000000000000000e+02
2.299000000000000000e+03
3.550000000000000000e+02
1.080000000000000000e+03
1.562000000000000000e+03
1.692000000000000000e+03
9.070000000000000000e+02
1.992000000000000000e+03
8.630000000000000000e+02
2.205000000000000000e+03
2.202000000000000000e+03
1.886000000000000000e+03
2.062000000000000000e+03
1.095000000000000000e+03
1.876000000000000000e+03
2.195000000000000000e+03
2.412000000000000000e+03
2.248000000000000000e+03
1.009000000000000000e+03
1.329000000000000000e+03
2.287000000000000000e+03
1.117000000000000000e+03
1.999000000000000000e+03
2.007000000000000000e+03
1.532000000000000000e+03
2.428000000000000000e+03
2.181000000000000000e+03
2.248000000000000000e+03
2.194000000000000000e+03
5.010000000000000000e+02
1.773000000000000000e+03
1.609000000000000000e+03
7.860000000000000000e+02
1.917000000000000000e+03
1.923000000000000000e+03
2.106000000000000000e+03
2.163000000000000000e+03
2.370000000000000000e+03
2.195000000000000000e+03
1.131000000000000000e+03
4.560000000000000000e+02
2.424000000000000000e+03
1.681000000000000000e+03
1.290000000000000000e+03
1.178000000000000000e+03
1.771000000000000000e+03
1.363000000000000000e+03
2.228000000000000000e+03
5.360000000000000000e+02
2.118000000000000000e+03
2.367000000000000000e+03
2.209000000000000000e+03
1.248000000000000000e+03
1.782000000000000000e+03
1.237000000000000000e+03
1.861000000000000000e+03
1.593000000000000000e+03
2.466000000000000000e+03
1.605000000000000000e+03
2.133000000000000000e+03
1.692000000000000000e+03
1.751000000000000000e+03
7.310000000000000000e+02
2.173000000000000000e+03
1.754000000000000000e+03
2.471000000000000000e+03
2.291000000000000000e+03
2.261000000000000000e+03
2.224000000000000000e+03
1.863000000000000000e+03
2.101000000000000000e+03
1.602000000000000000e+03
2.228000000000000000e+03
1.994000000000000000e+03
1.850000000000000000e+03
1.861000000000000000e+03
1.773000000000000000e+03
6.310000000000000000e+02
1.679000000000000000e+03
2.290000000000000000e+03
1.656000000000000000e+03
4.140000000000000000e+02
1.571000000000000000e+03
1.590000000000000000e+03
2.254000000000000000e+03
1.170000000000000000e+03
1.771000000000000000e+03
7.330000000000000000e+02
2.231000000000000000e+03
1.500000000000000000e+03
1.240000000000000000e+02
1.514000000000000000e+03
2.387000000000000000e+03
2.161000000000000000e+03
1.747000000000000000e+03
2.139000000000000000e+03
1.373000000000000000e+03
2.460000000000000000e+03
1.734000000000000000e+03
1.782000000000000000e+03
2.228000000000000000e+03
1.571000000000000000e+03
6.110000000000000000e+02
2.471000000000000000e+03
1.360000000000000000e+03
2.062000000000000000e+03
2.118000000000000000e+03
2.195000000000000000e+03
2.322000000000000000e+03
1.854000000000000000e+03
1.923000000000000000e+03
