2.040000000000000000e+02
1.169000000000000000e+03
1.520000000000000000e+02
1.557000000000000000e+03
1.734000000000000000e+03
4.730000000000000000e+02
2.023000000000000000e+03
2.310000000000000000e+02
2.121000000000000000e+03
3.820000000000000000e+02
1.047000000000000000e+03
2.920000000000000000e+02
5.340000000000000000e+02
1.520000000000000000e+02
8.200000000000000000e+02
8.610000000000000000e+02
1.860000000000000000e+03
1.180000000000000000e+03
6.940000000000000000e+02
1.663000000000000000e+03
9.250000000000000000e+02
5.840000000000000000e+02
7.900000000000000000e+01
1.130000000000000000e+02
1.122000000000000000e+03
1.205000000000000000e+03
9.340000000000000000e+02
2.157000000000000000e+03
1.593000000000000000e+03
3.590000000000000000e+02
1.416000000000000000e+03
3.560000000000000000e+02
1.549000000000000000e+03
9.970000000000000000e+02
1.927000000000000000e+03
5.450000000000000000e+02
1.197000000000000000e+03
1.280000000000000000e+02
7.040000000000000000e+02
1.830000000000000000e+02
1.600000000000000000e+02
6.700000000000000000e+01
5.520000000000000000e+02
6.700000000000000000e+01
1.490000000000000000e+02
4.780000000000000000e+02
7.810000000000000000e+02
1.753000000000000000e+03
4.700000000000000000e+02
1.430000000000000000e+03
1.062000000000000000e+03
7.420000000000000000e+02
5.940000000000000000e+02
7.060000000000000000e+02
1.510000000000000000e+02
5.030000000000000000e+02
2.118000000000000000e+03
1.281000000000000000e+03
7.860000000000000000e+02
8.000000000000000000e+02
1.003000000000000000e+03
2.240000000000000000e+03
1.322000000000000000e+03
4.800000000000000000e+02
1.485000000000000000e+03
1.082000000000000000e+03
3.490000000000000000e+02
2.154000000000000000e+03
1.257000000000000000e+03
3.180000000000000000e+02
1.252000000000000000e+03
1.438000000000000000e+03
1.297000000000000000e+03
1.497000000000000000e+03
7.720000000000000000e+02
6.670000000000000000e+02
9.500000000000000000e+01
1.353000000000000000e+03
2.140000000000000000e+02
1.706000000000000000e+03
7.270000000000000000e+02
2.650000000000000000e+02
3.370000000000000000e+02
1.098000000000000000e+03
1.261000000000000000e+03
1.594000000000000000e+03
3.850000000000000000e+02
1.978000000000000000e+03
9.830000000000000000e+02
8.460000000000000000e+02
2.262000000000000000e+03
4.130000000000000000e+02
4.460000000000000000e+02
1.107000000000000000e+03
1.936000000000000000e+03
1.325000000000000000e+03
3.930000000000000000e+02
4.440000000000000000e+02
7.800000000000000000e+02
1.260000000000000000e+03
6.710000000000000000e+02
2.032000000000000000e+03
4.800000000000000000e+02
8.200000000000000000e+01
1.219000000000000000e+03
2.460000000000000000e+02
6.760000000000000000e+02
3.230000000000000000e+02
8.490000000000000000e+02
8.940000000000000000e+02
1.253000000000000000e+03
1.290000000000000000e+03
1.400000000000000000e+01
3.910000000000000000e+02
7.860000000000000000e+02
1.011000000000000000e+03
1.540000000000000000e+02
1.681000000000000000e+03
1.002000000000000000e+03
6.480000000000000000e+02
6.110000000000000000e+02
5.870000000000000000e+02
1.551000000000000000e+03
4.830000000000000000e+02
8.000000000000000000e+01
1.373000000000000000e+03
7.260000000000000000e+02
3.070000000000000000e+02
3.870000000000000000e+02
1.522000000000000000e+03
7.190000000000000000e+02
9.440000000000000000e+02
6.560000000000000000e+02
1.690000000000000000e+03
7.200000000000000000e+01
7.200000000000000000e+01
1.741000000000000000e+03
7.050000000000000000e+02
1.692000000000000000e+03
4.720000000000000000e+02
5.550000000000000000e+02
7.120000000000000000e+02
2.195000000000000000e+03
1.860000000000000000e+03
7.050000000000000000e+02
6.620000000000000000e+02
2.690000000000000000e+02
2.183000000000000000e+03
1.283000000000000000e+03
8.690000000000000000e+02
2.071000000000000000e+03
1.088000000000000000e+03
2.174000000000000000e+03
7.890000000000000000e+02
2.570000000000000000e+02
1.004000000000000000e+03
4.900000000000000000e+02
7.860000000000000000e+02
1.489000000000000000e+03
9.250000000000000000e+02
1.153000000000000000e+03
1.425000000000000000e+03
6.750000000000000000e+02
4.230000000000000000e+02
1.585000000000000000e+03
1.180000000000000000e+03
3.570000000000000000e+02
6.200000000000000000e+02
1.549000000000000000e+03
5.830000000000000000e+02
9.300000000000000000e+02
1.570000000000000000e+02
1.835000000000000000e+03
8.180000000000000000e+02
6.220000000000000000e+02
1.525000000000000000e+03
3.630000000000000000e+02
2.830000000000000000e+02
1.470000000000000000e+02
2.045000000000000000e+03
1.330000000000000000e+02
1.014000000000000000e+03
1.177000000000000000e+03
7.600000000000000000e+02
9.620000000000000000e+02
9.250000000000000000e+02
1.352000000000000000e+03
1.208000000000000000e+03
7.860000000000000000e+02
1.000000000000000000e+02
1.288000000000000000e+03
2.344000000000000000e+03
1.944000000000000000e+03
1.191000000000000000e+03
4.110000000000000000e+02
1.674000000000000000e+03
8.770000000000000000e+02
1.666000000000000000e+03
1.920000000000000000e+03
6.380000000000000000e+02
6.730000000000000000e+02
6.470000000000000000e+02
6.000000000000000000e+00
1.400000000000000000e+02
1.631000000000000000e+03
7.860000000000000000e+02
1.580000000000000000e+03
6.860000000000000000e+02
4.100000000000000000e+02
1.007000000000000000e+03
2.228000000000000000e+03
4.400000000000000000e+02
5.790000000000000000e+02
2.228000000000000000e+03
1.424000000000000000e+03
2.150000000000000000e+02
1.593000000000000000e+03
1.662000000000000000e+03
2.033000000000000000e+03
6.800000000000000000e+01
2.142000000000000000e+03
1.690000000000000000e+03
4.950000000000000000e+02
1.019000000000000000e+03
1.123000000000000000e+03
1.292000000000000000e+03
1.437000000000000000e+03
9.080000000000000000e+02
1.114000000000000000e+03
1.649000000000000000e+03
4.850000000000000000e+02
8.720000000000000000e+02
2.380000000000000000e+02
1.171000000000000000e+03
5.790000000000000000e+02
4.300000000000000000e+01
2.760000000000000000e+02
6.500000000000000000e+02
3.450000000000000000e+02
7.860000000000000000e+02
1.716000000000000000e+03
1.132000000000000000e+03
1.239000000000000000e+03
1.254000000000000000e+03
4.780000000000000000e+02
2.510000000000000000e+02
3.830000000000000000e+02
1.392000000000000000e+03
5.690000000000000000e+02
8.860000000000000000e+02
5.530000000000000000e+02
3.550000000000000000e+02
1.274000000000000000e+03
3.070000000000000000e+02
1.357000000000000000e+03
1.204000000000000000e+03
1.842000000000000000e+03
5.890000000000000000e+02
8.450000000000000000e+02
1.980000000000000000e+02
2.228000000000000000e+03
1.251000000000000000e+03
4.390000000000000000e+02
8.000000000000000000e+00
8.100000000000000000e+01
1.572000000000000000e+03
4.670000000000000000e+02
1.510000000000000000e+02
5.790000000000000000e+02
1.681000000000000000e+03
7.890000000000000000e+02
4.690000000000000000e+02
1.961000000000000000e+03
1.818000000000000000e+03
1.487000000000000000e+03
9.000000000000000000e+01
1.307000000000000000e+03
1.242000000000000000e+03
1.151000000000000000e+03
3.800000000000000000e+01
3.270000000000000000e+02
2.430000000000000000e+02
9.200000000000000000e+01
1.273000000000000000e+03
1.342000000000000000e+03
1.290000000000000000e+02
5.000000000000000000e+02
2.228000000000000000e+03
1.742000000000000000e+03
1.448000000000000000e+03
1.192000000000000000e+03
6.860000000000000000e+02
1.407000000000000000e+03
4.910000000000000000e+02
1.621000000000000000e+03
1.500000000000000000e+03
5.010000000000000000e+02
5.400000000000000000e+02
6.100000000000000000e+02
2.180000000000000000e+02
1.118000000000000000e+03
6.870000000000000000e+02
1.710000000000000000e+02
6.660000000000000000e+02
6.190000000000000000e+02
7.600000000000000000e+01
1.960000000000000000e+02
1.470000000000000000e+02
2.195000000000000000e+03
1.310000000000000000e+02
1.580000000000000000e+03
1.225000000000000000e+03
2.610000000000000000e+02
1.540000000000000000e+02
1.357000000000000000e+03
5.880000000000000000e+02
6.190000000000000000e+02
2.010000000000000000e+02
8.800000000000000000e+02
1.612000000000000000e+03
1.672000000000000000e+03
1.650000000000000000e+02
1.040000000000000000e+02
1.917000000000000000e+03
1.973000000000000000e+03
6.600000000000000000e+01
2.015000000000000000e+03
8.160000000000000000e+02
1.800000000000000000e+03
4.850000000000000000e+02
3.510000000000000000e+02
1.482000000000000000e+03
1.882000000000000000e+03
5.750000000000000000e+02
5.250000000000000000e+02
1.400000000000000000e+01
1.574000000000000000e+03
9.250000000000000000e+02
3.040000000000000000e+02
8.040000000000000000e+02
2.550000000000000000e+02
1.649000000000000000e+03
1.172000000000000000e+03
2.550000000000000000e+02
1.316000000000000000e+03
2.228000000000000000e+03
1.725000000000000000e+03
2.207000000000000000e+03
4.280000000000000000e+02
6.560000000000000000e+02
1.461000000000000000e+03
1.250000000000000000e+03
1.420000000000000000e+02
1.672000000000000000e+03
9.250000000000000000e+02
1.726000000000000000e+03
8.030000000000000000e+02
1.806000000000000000e+03
1.020000000000000000e+03
1.130000000000000000e+03
3.360000000000000000e+02
1.520000000000000000e+02
7.960000000000000000e+02
1.210000000000000000e+03
2.950000000000000000e+02
2.900000000000000000e+02
3.630000000000000000e+02
1.122000000000000000e+03
8.300000000000000000e+01
7.200000000000000000e+01
7.500000000000000000e+02
1.763000000000000000e+03
1.608000000000000000e+03
1.242000000000000000e+03
2.740000000000000000e+02
5.480000000000000000e+02
1.086000000000000000e+03
1.039000000000000000e+03
1.565000000000000000e+03
1.567000000000000000e+03
9.640000000000000000e+02
7.200000000000000000e+02
1.261000000000000000e+03
1.601000000000000000e+03
4.850000000000000000e+02
4.280000000000000000e+02
7.700000000000000000e+02
1.161000000000000000e+03
4.200000000000000000e+02
6.100000000000000000e+02
8.950000000000000000e+02
2.260000000000000000e+02
8.410000000000000000e+02
4.660000000000000000e+02
1.352000000000000000e+03
1.620000000000000000e+03
1.336000000000000000e+03
9.650000000000000000e+02
6.830000000000000000e+02
1.260000000000000000e+02
2.195000000000000000e+03
7.170000000000000000e+02
1.359000000000000000e+03
3.260000000000000000e+02
8.200000000000000000e+02
1.110000000000000000e+02
1.809000000000000000e+03
1.183000000000000000e+03
1.800000000000000000e+01
1.466000000000000000e+03
7.840000000000000000e+02
7.650000000000000000e+02
8.300000000000000000e+01
1.028000000000000000e+03
7.560000000000000000e+02
1.712000000000000000e+03
2.289000000000000000e+03
1.088000000000000000e+03
3.170000000000000000e+02
1.537000000000000000e+03
6.150000000000000000e+02
3.990000000000000000e+02
3.240000000000000000e+02
2.370000000000000000e+02
5.490000000000000000e+02
1.505000000000000000e+03
3.450000000000000000e+02
9.250000000000000000e+02
1.638000000000000000e+03
5.800000000000000000e+01
1.770000000000000000e+02
9.720000000000000000e+02
1.724000000000000000e+03
2.228000000000000000e+03
4.770000000000000000e+02
1.430000000000000000e+03
9.810000000000000000e+02
8.800000000000000000e+02
2.305000000000000000e+03
7.890000000000000000e+02
7.810000000000000000e+02
1.136000000000000000e+03
1.377000000000000000e+03
3.600000000000000000e+02
1.273000000000000000e+03
1.326000000000000000e+03
1.070000000000000000e+03
2.045000000000000000e+03
4.370000000000000000e+02
2.264000000000000000e+03
5.830000000000000000e+02
7.670000000000000000e+02
1.124000000000000000e+03
1.829000000000000000e+03
1.835000000000000000e+03
1.311000000000000000e+03
1.584000000000000000e+03
2.190000000000000000e+02
1.920000000000000000e+03
1.950000000000000000e+02
1.980000000000000000e+03
1.056000000000000000e+03
6.000000000000000000e+00
8.410000000000000000e+02
7.840000000000000000e+02
1.368000000000000000e+03
7.490000000000000000e+02
1.945000000000000000e+03
6.410000000000000000e+02
2.101000000000000000e+03
1.070000000000000000e+03
8.330000000000000000e+02
1.841000000000000000e+03
1.250000000000000000e+02
6.060000000000000000e+02
1.500000000000000000e+02
1.960000000000000000e+02
1.693000000000000000e+03
2.870000000000000000e+02
3.700000000000000000e+01
2.400000000000000000e+02
5.330000000000000000e+02
1.560000000000000000e+02
6.700000000000000000e+01
8.100000000000000000e+01
1.409000000000000000e+03
1.541000000000000000e+03
1.842000000000000000e+03
7.920000000000000000e+02
6.530000000000000000e+02
3.440000000000000000e+02
1.053000000000000000e+03
2.830000000000000000e+02
8.780000000000000000e+02
5.590000000000000000e+02
1.353000000000000000e+03
3.300000000000000000e+01
1.810000000000000000e+02
4.760000000000000000e+02
1.139000000000000000e+03
2.195000000000000000e+03
1.167000000000000000e+03
1.581000000000000000e+03
1.316000000000000000e+03
1.637000000000000000e+03
7.370000000000000000e+02
1.120000000000000000e+02
1.514000000000000000e+03
3.960000000000000000e+02
2.058000000000000000e+03
5.970000000000000000e+02
1.204000000000000000e+03
5.820000000000000000e+02
2.490000000000000000e+02
5.560000000000000000e+02
1.434000000000000000e+03
1.974000000000000000e+03
3.280000000000000000e+02
1.731000000000000000e+03
1.541000000000000000e+03
1.458000000000000000e+03
9.830000000000000000e+02
5.510000000000000000e+02
4.980000000000000000e+02
0.000000000000000000e+00
2.108000000000000000e+03
2.900000000000000000e+02
1.430000000000000000e+03
1.080000000000000000e+02
1.127000000000000000e+03
2.451000000000000000e+03
1.080000000000000000e+02
2.172000000000000000e+03
5.720000000000000000e+02
2.460000000000000000e+02
3.680000000000000000e+02
1.041000000000000000e+03
2.510000000000000000e+02
3.240000000000000000e+02
2.380000000000000000e+02
7.470000000000000000e+02
5.300000000000000000e+01
5.360000000000000000e+02
7.310000000000000000e+02
5.260000000000000000e+02
1.555000000000000000e+03
5.310000000000000000e+02
4.820000000000000000e+02
1.326000000000000000e+03
3.490000000000000000e+02
6.060000000000000000e+02
9.800000000000000000e+02
1.947000000000000000e+03
1.123000000000000000e+03
1.044000000000000000e+03
2.290000000000000000e+02
6.110000000000000000e+02
5.000000000000000000e+00
3.750000000000000000e+02
6.580000000000000000e+02
2.490000000000000000e+02
1.430000000000000000e+02
9.500000000000000000e+02
6.060000000000000000e+02
3.010000000000000000e+02
4.270000000000000000e+02
7.860000000000000000e+02
1.073000000000000000e+03
1.565000000000000000e+03
1.680000000000000000e+02
2.166000000000000000e+03
7.800000000000000000e+02
9.810000000000000000e+02
1.460000000000000000e+03
3.240000000000000000e+02
9.810000000000000000e+02
3.480000000000000000e+02
3.040000000000000000e+02
1.030000000000000000e+03
1.826000000000000000e+03
6.300000000000000000e+02
1.236000000000000000e+03
8.630000000000000000e+02
9.250000000000000000e+02
6.620000000000000000e+02
1.754000000000000000e+03
5.000000000000000000e+01
9.250000000000000000e+02
8.660000000000000000e+02
3.230000000000000000e+02
1.357000000000000000e+03
4.500000000000000000e+02
5.030000000000000000e+02
4.690000000000000000e+02
3.490000000000000000e+02
3.800000000000000000e+01
5.950000000000000000e+02
1.330000000000000000e+02
1.111000000000000000e+03
1.460000000000000000e+02
7.340000000000000000e+02
1.032000000000000000e+03
6.030000000000000000e+02
3.530000000000000000e+02
2.118000000000000000e+03
1.082000000000000000e+03
1.297000000000000000e+03
1.509000000000000000e+03
4.190000000000000000e+02
1.712000000000000000e+03
1.360000000000000000e+03
4.110000000000000000e+02
5.960000000000000000e+02
4.680000000000000000e+02
9.420000000000000000e+02
6.370000000000000000e+02
4.200000000000000000e+01
1.630000000000000000e+02
9.060000000000000000e+02
9.040000000000000000e+02
1.500000000000000000e+03
1.107000000000000000e+03
9.410000000000000000e+02
1.361000000000000000e+03
3.930000000000000000e+02
9.090000000000000000e+02
1.809000000000000000e+03
2.100000000000000000e+02
1.810000000000000000e+02
1.470000000000000000e+02
1.812000000000000000e+03
8.060000000000000000e+02
1.453000000000000000e+03
5.300000000000000000e+01
3.920000000000000000e+02
3.440000000000000000e+02
1.416000000000000000e+03
1.206000000000000000e+03
1.876000000000000000e+03
3.900000000000000000e+01
1.825000000000000000e+03
1.290000000000000000e+02
9.580000000000000000e+02
6.710000000000000000e+02
6.550000000000000000e+02
2.411000000000000000e+03
2.321000000000000000e+03
1.158000000000000000e+03
1.551000000000000000e+03
1.609000000000000000e+03
2.073000000000000000e+03
1.401000000000000000e+03
1.078000000000000000e+03
1.470000000000000000e+03
1.200000000000000000e+02
0.000000000000000000e+00
8.110000000000000000e+02
1.668000000000000000e+03
1.758000000000000000e+03
7.000000000000000000e+01
1.096000000000000000e+03
6.720000000000000000e+02
4.610000000000000000e+02
5.840000000000000000e+02
1.461000000000000000e+03
8.900000000000000000e+02
1.258000000000000000e+03
1.350000000000000000e+02
1.582000000000000000e+03
1.140000000000000000e+02
6.310000000000000000e+02
8.520000000000000000e+02
1.573000000000000000e+03
2.920000000000000000e+02
8.160000000000000000e+02
8.210000000000000000e+02
1.628000000000000000e+03
5.850000000000000000e+02
3.530000000000000000e+02
1.211000000000000000e+03
8.410000000000000000e+02
3.960000000000000000e+02
6.310000000000000000e+02
1.758000000000000000e+03
4.200000000000000000e+02
1.672000000000000000e+03
8.590000000000000000e+02
5.800000000000000000e+02
2.134000000000000000e+03
1.206000000000000000e+03
9.510000000000000000e+02
1.401000000000000000e+03
6.790000000000000000e+02
1.180000000000000000e+03
7.630000000000000000e+02
2.380000000000000000e+02
4.250000000000000000e+02
6.900000000000000000e+01
2.177000000000000000e+03
1.016000000000000000e+03
1.273000000000000000e+03
1.710000000000000000e+02
4.700000000000000000e+02
3.640000000000000000e+02
1.373000000000000000e+03
1.140000000000000000e+02
8.380000000000000000e+02
1.366000000000000000e+03
1.158000000000000000e+03
7.500000000000000000e+01
1.843000000000000000e+03
1.062000000000000000e+03
2.860000000000000000e+02
1.307000000000000000e+03
4.170000000000000000e+02
8.790000000000000000e+02
4.450000000000000000e+02
1.977000000000000000e+03
1.325000000000000000e+03
9.030000000000000000e+02
1.785000000000000000e+03
1.387000000000000000e+03
3.960000000000000000e+02
1.960000000000000000e+02
7.560000000000000000e+02
7.150000000000000000e+02
9.320000000000000000e+02
1.880000000000000000e+02
1.480000000000000000e+02
8.130000000000000000e+02
1.230000000000000000e+03
1.704000000000000000e+03
1.842000000000000000e+03
8.820000000000000000e+02
2.830000000000000000e+02
9.370000000000000000e+02
3.040000000000000000e+02
1.287000000000000000e+03
1.240000000000000000e+02
4.630000000000000000e+02
6.500000000000000000e+02
9.590000000000000000e+02
2.740000000000000000e+02
2.650000000000000000e+02
7.860000000000000000e+02
1.200000000000000000e+01
2.590000000000000000e+02
1.055000000000000000e+03
9.590000000000000000e+02
9.840000000000000000e+02
1.226000000000000000e+03
4.270000000000000000e+02
1.200000000000000000e+02
1.000000000000000000e+00
5.270000000000000000e+02
1.053000000000000000e+03
3.340000000000000000e+02
4.130000000000000000e+02
1.926000000000000000e+03
1.688000000000000000e+03
1.831000000000000000e+03
1.634000000000000000e+03
1.242000000000000000e+03
2.076000000000000000e+03
1.925000000000000000e+03
6.950000000000000000e+02
1.425000000000000000e+03
3.910000000000000000e+02
7.100000000000000000e+02
3.590000000000000000e+02
5.030000000000000000e+02
1.070000000000000000e+02
6.980000000000000000e+02
9.000000000000000000e+02
1.776000000000000000e+03
6.470000000000000000e+02
8.830000000000000000e+02
4.120000000000000000e+02
1.812000000000000000e+03
1.250000000000000000e+02
9.810000000000000000e+02
1.189000000000000000e+03
1.206000000000000000e+03
2.228000000000000000e+03
3.280000000000000000e+02
7.730000000000000000e+02
1.002000000000000000e+03
2.950000000000000000e+02
8.800000000000000000e+02
3.820000000000000000e+02
4.510000000000000000e+02
2.109000000000000000e+03
8.700000000000000000e+01
1.357000000000000000e+03
1.700000000000000000e+02
4.270000000000000000e+02
1.195000000000000000e+03
6.630000000000000000e+02
9.300000000000000000e+01
7.330000000000000000e+02
9.300000000000000000e+01
8.770000000000000000e+02
2.282000000000000000e+03
9.010000000000000000e+02
6.300000000000000000e+02
2.178000000000000000e+03
9.880000000000000000e+02
1.200000000000000000e+03
1.776000000000000000e+03
7.200000000000000000e+02
5.010000000000000000e+02
5.100000000000000000e+01
1.653000000000000000e+03
6.150000000000000000e+02
6.870000000000000000e+02
6.350000000000000000e+02
1.431000000000000000e+03
1.050000000000000000e+02
1.681000000000000000e+03
8.800000000000000000e+02
1.740000000000000000e+02
8.900000000000000000e+01
2.076000000000000000e+03
1.510000000000000000e+02
5.790000000000000000e+02
1.900000000000000000e+02
1.513000000000000000e+03
1.108000000000000000e+03
1.778000000000000000e+03
1.990000000000000000e+03
6.100000000000000000e+01
1.733000000000000000e+03
5.010000000000000000e+02
1.744000000000000000e+03
9.810000000000000000e+02
7.730000000000000000e+02
4.960000000000000000e+02
6.720000000000000000e+02
1.534000000000000000e+03
9.810000000000000000e+02
1.240000000000000000e+02
1.970000000000000000e+02
1.810000000000000000e+02
8.430000000000000000e+02
1.662000000000000000e+03
5.410000000000000000e+02
1.361000000000000000e+03
2.450000000000000000e+02
1.996000000000000000e+03
1.179000000000000000e+03
4.200000000000000000e+02
4.160000000000000000e+02
2.950000000000000000e+02
3.730000000000000000e+02
9.970000000000000000e+02
6.210000000000000000e+02
1.720000000000000000e+02
3.030000000000000000e+02
1.256000000000000000e+03
4.840000000000000000e+02
2.062000000000000000e+03
2.630000000000000000e+02
3.430000000000000000e+02
5.790000000000000000e+02
1.523000000000000000e+03
2.007000000000000000e+03
7.260000000000000000e+02
2.250000000000000000e+02
4.810000000000000000e+02
9.460000000000000000e+02
1.597000000000000000e+03
1.110000000000000000e+02
9.010000000000000000e+02
1.227000000000000000e+03
2.770000000000000000e+02
6.310000000000000000e+02
7.120000000000000000e+02
7.100000000000000000e+01
8.960000000000000000e+02
9.460000000000000000e+02
1.272000000000000000e+03
8.600000000000000000e+01
1.792000000000000000e+03
4.310000000000000000e+02
4.270000000000000000e+02
1.415000000000000000e+03
1.523000000000000000e+03
5.570000000000000000e+02
1.488000000000000000e+03
1.692000000000000000e+03
4.430000000000000000e+02
1.090000000000000000e+03
1.710000000000000000e+03
2.000000000000000000e+01
4.230000000000000000e+02
1.455000000000000000e+03
5.010000000000000000e+02
8.400000000000000000e+01
6.470000000000000000e+02
9.200000000000000000e+01
2.890000000000000000e+02
1.388000000000000000e+03
1.807000000000000000e+03
7.860000000000000000e+02
1.451000000000000000e+03
7.830000000000000000e+02
3.690000000000000000e+02
1.125000000000000000e+03
2.228000000000000000e+03
4.830000000000000000e+02
2.042000000000000000e+03
1.084000000000000000e+03
1.283000000000000000e+03
1.097000000000000000e+03
1.564000000000000000e+03
7.660000000000000000e+02
3.150000000000000000e+02
2.300000000000000000e+02
1.542000000000000000e+03
1.209000000000000000e+03
6.370000000000000000e+02
1.800000000000000000e+03
1.829000000000000000e+03
4.500000000000000000e+01
5.960000000000000000e+02
7.840000000000000000e+02
2.180000000000000000e+02
1.418000000000000000e+03
5.170000000000000000e+02
9.500000000000000000e+01
1.922000000000000000e+03
2.368000000000000000e+03
8.200000000000000000e+01
9.530000000000000000e+02
1.451000000000000000e+03
5.800000000000000000e+01
3.990000000000000000e+02
2.210000000000000000e+02
1.281000000000000000e+03
6.230000000000000000e+02
1.800000000000000000e+02
2.228000000000000000e+03
8.660000000000000000e+02
1.347000000000000000e+03
7.700000000000000000e+01
7.300000000000000000e+01
3.910000000000000000e+02
2.360000000000000000e+02
1.131000000000000000e+03
5.200000000000000000e+02
1.022000000000000000e+03
3.810000000000000000e+02
1.282000000000000000e+03
1.106000000000000000e+03
7.900000000000000000e+02
1.400000000000000000e+01
1.511000000000000000e+03
1.164000000000000000e+03
2.233000000000000000e+03
3.490000000000000000e+02
1.184000000000000000e+03
8.530000000000000000e+02
5.700000000000000000e+01
3.590000000000000000e+02
2.500000000000000000e+02
1.660000000000000000e+02
1.917000000000000000e+03
3.210000000000000000e+02
5.190000000000000000e+02
2.228000000000000000e+03
4.590000000000000000e+02
9.300000000000000000e+01
1.127000000000000000e+03
4.570000000000000000e+02
9.330000000000000000e+02
1.615000000000000000e+03
1.401000000000000000e+03
1.250000000000000000e+02
1.761000000000000000e+03
1.545000000000000000e+03
8.770000000000000000e+02
1.259000000000000000e+03
8.850000000000000000e+02
1.970000000000000000e+02
1.974000000000000000e+03
1.820000000000000000e+03
6.720000000000000000e+02
1.268000000000000000e+03
9.200000000000000000e+01
1.820000000000000000e+03
3.180000000000000000e+02
2.900000000000000000e+01
8.000000000000000000e+00
3.820000000000000000e+02
1.738000000000000000e+03
1.915000000000000000e+03
4.560000000000000000e+02
5.980000000000000000e+02
3.540000000000000000e+02
6.660000000000000000e+02
1.501000000000000000e+03
3.090000000000000000e+02
1.669000000000000000e+03
1.093000000000000000e+03
3.490000000000000000e+02
5.850000000000000000e+02
1.625000000000000000e+03
6.620000000000000000e+02
5.540000000000000000e+02
2.610000000000000000e+02
1.604000000000000000e+03
1.880000000000000000e+03
1.220000000000000000e+02
4.310000000000000000e+02
5.200000000000000000e+01
2.510000000000000000e+02
7.870000000000000000e+02
1.261000000000000000e+03
5.950000000000000000e+02
5.650000000000000000e+02
9.220000000000000000e+02
2.430000000000000000e+02
4.370000000000000000e+02
4.450000000000000000e+02
5.760000000000000000e+02
5.570000000000000000e+02
1.917000000000000000e+03
1.030000000000000000e+02
2.090000000000000000e+02
4.930000000000000000e+02
6.310000000000000000e+02
1.421000000000000000e+03
8.780000000000000000e+02
2.076000000000000000e+03
7.780000000000000000e+02
1.500000000000000000e+01
9.250000000000000000e+02
1.974000000000000000e+03
5.510000000000000000e+02
1.220000000000000000e+02
1.205000000000000000e+03
7.360000000000000000e+02
1.043000000000000000e+03
1.154000000000000000e+03
3.590000000000000000e+02
7.040000000000000000e+02
1.175000000000000000e+03
6.930000000000000000e+02
1.710000000000000000e+02
1.359000000000000000e+03
2.600000000000000000e+02
2.290000000000000000e+02
7.220000000000000000e+02
4.920000000000000000e+02
9.250000000000000000e+02
2.640000000000000000e+02
5.750000000000000000e+02
1.118000000000000000e+03
1.112000000000000000e+03
1.172000000000000000e+03
1.590000000000000000e+02
1.332000000000000000e+03
1.123000000000000000e+03
3.640000000000000000e+02
3.830000000000000000e+02
1.520000000000000000e+03
4.940000000000000000e+02
9.250000000000000000e+02
1.381000000000000000e+03
7.380000000000000000e+02
5.220000000000000000e+02
1.700000000000000000e+03
5.090000000000000000e+02
7.170000000000000000e+02
1.780000000000000000e+02
1.147000000000000000e+03
6.470000000000000000e+02
8.770000000000000000e+02
6.570000000000000000e+02
2.198000000000000000e+03
1.058000000000000000e+03
3.180000000000000000e+02
5.710000000000000000e+02
1.810000000000000000e+02
1.280000000000000000e+02
1.810000000000000000e+02
9.800000000000000000e+02
5.010000000000000000e+02
9.870000000000000000e+02
1.410000000000000000e+03
9.130000000000000000e+02
1.036000000000000000e+03
1.200000000000000000e+03
9.390000000000000000e+02
1.136000000000000000e+03
1.300000000000000000e+01
1.956000000000000000e+03
8.770000000000000000e+02
1.000000000000000000e+02
2.620000000000000000e+02
3.100000000000000000e+01
2.014000000000000000e+03
1.368000000000000000e+03
1.023000000000000000e+03
2.180000000000000000e+02
1.743000000000000000e+03
5.250000000000000000e+02
1.210000000000000000e+02
1.611000000000000000e+03
1.674000000000000000e+03
2.186000000000000000e+03
7.080000000000000000e+02
6.500000000000000000e+01
5.800000000000000000e+02
7.380000000000000000e+02
5.230000000000000000e+02
8.770000000000000000e+02
1.209000000000000000e+03
2.116000000000000000e+03
8.160000000000000000e+02
6.630000000000000000e+02
4.200000000000000000e+02
1.649000000000000000e+03
9.380000000000000000e+02
1.119000000000000000e+03
9.300000000000000000e+01
1.079000000000000000e+03
1.160000000000000000e+02
1.032000000000000000e+03
7.870000000000000000e+02
1.902000000000000000e+03
1.914000000000000000e+03
1.464000000000000000e+03
6.600000000000000000e+01
2.094000000000000000e+03
1.365000000000000000e+03
3.860000000000000000e+02
1.790000000000000000e+02
8.100000000000000000e+01
2.089000000000000000e+03
4.590000000000000000e+02
4.650000000000000000e+02
1.647000000000000000e+03
2.820000000000000000e+02
1.547000000000000000e+03
7.920000000000000000e+02
2.450000000000000000e+02
4.070000000000000000e+02
2.350000000000000000e+02
1.387000000000000000e+03
8.160000000000000000e+02
1.000000000000000000e+03
4.250000000000000000e+02
6.050000000000000000e+02
4.080000000000000000e+02
9.800000000000000000e+02
1.063000000000000000e+03
2.600000000000000000e+01
7.410000000000000000e+02
7.810000000000000000e+02
1.236000000000000000e+03
4.000000000000000000e+00
1.153000000000000000e+03
1.543000000000000000e+03
1.720000000000000000e+03
1.086000000000000000e+03
4.620000000000000000e+02
5.150000000000000000e+02
4.900000000000000000e+01
8.440000000000000000e+02
4.580000000000000000e+02
1.734000000000000000e+03
1.431000000000000000e+03
4.510000000000000000e+02
2.750000000000000000e+02
4.680000000000000000e+02
1.530000000000000000e+02
1.560000000000000000e+02
8.760000000000000000e+02
2.061000000000000000e+03
5.400000000000000000e+01
4.000000000000000000e+02
1.626000000000000000e+03
1.355000000000000000e+03
1.630000000000000000e+02
1.630000000000000000e+02
1.523000000000000000e+03
1.306000000000000000e+03
3.710000000000000000e+02
9.890000000000000000e+02
1.230000000000000000e+02
1.061000000000000000e+03
1.662000000000000000e+03
1.271000000000000000e+03
8.880000000000000000e+02
9.250000000000000000e+02
1.710000000000000000e+03
1.206000000000000000e+03
4.430000000000000000e+02
6.760000000000000000e+02
2.610000000000000000e+02
7.250000000000000000e+02
2.540000000000000000e+02
6.040000000000000000e+02
7.200000000000000000e+02
1.220000000000000000e+02
5.100000000000000000e+01
4.020000000000000000e+02
8.630000000000000000e+02
1.430000000000000000e+03
2.289000000000000000e+03
2.132000000000000000e+03
5.170000000000000000e+02
1.123000000000000000e+03
2.139000000000000000e+03
1.160000000000000000e+02
1.665000000000000000e+03
2.810000000000000000e+02
6.600000000000000000e+02
1.082000000000000000e+03
1.401000000000000000e+03
1.604000000000000000e+03
6.430000000000000000e+02
8.000000000000000000e+00
1.682000000000000000e+03
1.822000000000000000e+03
6.190000000000000000e+02
7.640000000000000000e+02
1.970000000000000000e+02
1.617000000000000000e+03
3.340000000000000000e+02
1.228000000000000000e+03
5.730000000000000000e+02
1.650000000000000000e+02
7.060000000000000000e+02
1.114000000000000000e+03
1.415000000000000000e+03
3.950000000000000000e+02
1.578000000000000000e+03
1.131000000000000000e+03
1.165000000000000000e+03
8.770000000000000000e+02
1.370000000000000000e+02
4.800000000000000000e+02
4.990000000000000000e+02
3.260000000000000000e+02
6.180000000000000000e+02
1.316000000000000000e+03
5.720000000000000000e+02
1.165000000000000000e+03
1.873000000000000000e+03
6.000000000000000000e+02
9.250000000000000000e+02
3.250000000000000000e+02
1.751000000000000000e+03
5.120000000000000000e+02
3.200000000000000000e+02
1.534000000000000000e+03
2.230000000000000000e+02
1.170000000000000000e+03
3.670000000000000000e+02
1.010000000000000000e+02
1.928000000000000000e+03
2.041000000000000000e+03
1.244000000000000000e+03
1.019000000000000000e+03
7.180000000000000000e+02
1.072000000000000000e+03
1.392000000000000000e+03
1.278000000000000000e+03
3.200000000000000000e+01
1.080000000000000000e+02
9.210000000000000000e+02
4.960000000000000000e+02
6.880000000000000000e+02
7.710000000000000000e+02
7.500000000000000000e+01
2.580000000000000000e+02
7.520000000000000000e+02
2.640000000000000000e+02
3.220000000000000000e+02
1.497000000000000000e+03
1.625000000000000000e+03
2.060000000000000000e+02
1.112000000000000000e+03
3.450000000000000000e+02
1.206000000000000000e+03
1.644000000000000000e+03
1.900000000000000000e+02
1.730000000000000000e+02
1.107000000000000000e+03
3.900000000000000000e+01
1.450000000000000000e+02
1.450000000000000000e+02
1.770000000000000000e+02
2.076000000000000000e+03
2.430000000000000000e+02
1.094000000000000000e+03
2.062000000000000000e+03
1.137000000000000000e+03
1.430000000000000000e+03
4.000000000000000000e+02
5.420000000000000000e+02
1.521000000000000000e+03
9.080000000000000000e+02
1.013000000000000000e+03
1.044000000000000000e+03
1.536000000000000000e+03
7.320000000000000000e+02
1.985000000000000000e+03
1.944000000000000000e+03
3.180000000000000000e+02
2.170000000000000000e+02
9.030000000000000000e+02
1.506000000000000000e+03
1.325000000000000000e+03
1.080000000000000000e+02
9.890000000000000000e+02
1.283000000000000000e+03
7.870000000000000000e+02
7.860000000000000000e+02
2.820000000000000000e+02
5.890000000000000000e+02
1.596000000000000000e+03
1.209000000000000000e+03
1.894000000000000000e+03
3.230000000000000000e+02
1.370000000000000000e+02
4.340000000000000000e+02
1.200000000000000000e+03
5.030000000000000000e+02
3.110000000000000000e+02
3.230000000000000000e+02
4.000000000000000000e+01
1.100000000000000000e+02
8.220000000000000000e+02
1.773000000000000000e+03
6.560000000000000000e+02
1.441000000000000000e+03
1.651000000000000000e+03
2.640000000000000000e+02
9.300000000000000000e+01
1.903000000000000000e+03
4.800000000000000000e+01
5.500000000000000000e+01
2.393000000000000000e+03
8.270000000000000000e+02
6.110000000000000000e+02
1.311000000000000000e+03
3.010000000000000000e+02
1.172000000000000000e+03
6.970000000000000000e+02
5.080000000000000000e+02
3.400000000000000000e+01
1.007000000000000000e+03
1.080000000000000000e+03
1.132000000000000000e+03
1.690000000000000000e+03
1.186000000000000000e+03
3.630000000000000000e+02
3.000000000000000000e+01
1.224000000000000000e+03
7.900000000000000000e+02
7.520000000000000000e+02
6.980000000000000000e+02
3.250000000000000000e+02
4.400000000000000000e+01
1.050000000000000000e+02
2.070000000000000000e+02
3.210000000000000000e+02
2.338000000000000000e+03
1.584000000000000000e+03
1.767000000000000000e+03
1.026000000000000000e+03
2.111000000000000000e+03
3.490000000000000000e+02
1.628000000000000000e+03
8.200000000000000000e+01
1.325000000000000000e+03
6.500000000000000000e+02
5.580000000000000000e+02
1.860000000000000000e+02
2.400000000000000000e+02
9.830000000000000000e+02
6.180000000000000000e+02
1.970000000000000000e+02
3.610000000000000000e+02
1.714000000000000000e+03
3.210000000000000000e+02
8.070000000000000000e+02
2.030000000000000000e+02
9.490000000000000000e+02
1.523000000000000000e+03
1.416000000000000000e+03
4.210000000000000000e+02
4.780000000000000000e+02
8.920000000000000000e+02
2.260000000000000000e+02
2.060000000000000000e+02
1.080000000000000000e+02
3.210000000000000000e+02
2.380000000000000000e+02
1.397000000000000000e+03
2.920000000000000000e+02
1.970000000000000000e+03
1.589000000000000000e+03
1.528000000000000000e+03
1.481000000000000000e+03
1.139000000000000000e+03
7.070000000000000000e+02
6.000000000000000000e+00
2.590000000000000000e+02
1.542000000000000000e+03
1.611000000000000000e+03
3.910000000000000000e+02
1.081000000000000000e+03
1.409000000000000000e+03
2.720000000000000000e+02
9.250000000000000000e+02
7.480000000000000000e+02
5.010000000000000000e+02
2.800000000000000000e+02
1.360000000000000000e+02
7.000000000000000000e+01
1.354000000000000000e+03
3.700000000000000000e+01
5.780000000000000000e+02
1.143000000000000000e+03
1.340000000000000000e+02
1.100000000000000000e+01
8.370000000000000000e+02
5.010000000000000000e+02
1.141000000000000000e+03
1.188000000000000000e+03
1.097000000000000000e+03
1.353000000000000000e+03
6.310000000000000000e+02
1.062000000000000000e+03
8.300000000000000000e+01
9.010000000000000000e+02
1.615000000000000000e+03
7.860000000000000000e+02
8.770000000000000000e+02
1.996000000000000000e+03
2.680000000000000000e+02
8.140000000000000000e+02
3.830000000000000000e+02
1.633000000000000000e+03
1.000000000000000000e+02
1.489000000000000000e+03
5.240000000000000000e+02
8.700000000000000000e+01
8.850000000000000000e+02
1.100000000000000000e+02
4.700000000000000000e+02
2.370000000000000000e+02
5.790000000000000000e+02
1.790000000000000000e+02
5.270000000000000000e+02
1.173000000000000000e+03
9.500000000000000000e+02
4.400000000000000000e+01
4.200000000000000000e+02
1.780000000000000000e+02
5.200000000000000000e+01
8.770000000000000000e+02
1.665000000000000000e+03
1.062000000000000000e+03
1.513000000000000000e+03
2.070000000000000000e+02
7.980000000000000000e+02
4.000000000000000000e+00
8.160000000000000000e+02
1.095000000000000000e+03
3.230000000000000000e+02
1.174000000000000000e+03
2.313000000000000000e+03
7.080000000000000000e+02
9.110000000000000000e+02
1.325000000000000000e+03
2.560000000000000000e+02
4.170000000000000000e+02
7.150000000000000000e+02
4.280000000000000000e+02
1.274000000000000000e+03
1.357000000000000000e+03
6.930000000000000000e+02
1.281000000000000000e+03
1.016000000000000000e+03
2.760000000000000000e+02
5.950000000000000000e+02
1.130000000000000000e+02
1.566000000000000000e+03
1.530000000000000000e+02
1.956000000000000000e+03
1.460000000000000000e+02
1.647000000000000000e+03
8.820000000000000000e+02
2.820000000000000000e+02
1.041000000000000000e+03
1.236000000000000000e+03
9.810000000000000000e+02
7.420000000000000000e+02
2.069000000000000000e+03
5.900000000000000000e+02
5.730000000000000000e+02
9.500000000000000000e+02
1.557000000000000000e+03
8.370000000000000000e+02
9.300000000000000000e+01
2.690000000000000000e+02
3.020000000000000000e+02
1.141000000000000000e+03
8.640000000000000000e+02
1.184000000000000000e+03
1.746000000000000000e+03
5.740000000000000000e+02
1.230000000000000000e+02
1.503000000000000000e+03
1.715000000000000000e+03
2.540000000000000000e+02
1.923000000000000000e+03
9.960000000000000000e+02
4.110000000000000000e+02
1.364000000000000000e+03
1.822000000000000000e+03
8.470000000000000000e+02
1.302000000000000000e+03
1.341000000000000000e+03
1.413000000000000000e+03
3.500000000000000000e+02
3.680000000000000000e+02
1.206000000000000000e+03
7.900000000000000000e+01
2.690000000000000000e+02
2.320000000000000000e+03
6.110000000000000000e+02
8.540000000000000000e+02
8.450000000000000000e+02
1.503000000000000000e+03
5.050000000000000000e+02
8.150000000000000000e+02
7.750000000000000000e+02
2.179000000000000000e+03
4.840000000000000000e+02
7.000000000000000000e+00
1.306000000000000000e+03
2.110000000000000000e+02
1.801000000000000000e+03
2.810000000000000000e+02
8.990000000000000000e+02
1.346000000000000000e+03
4.840000000000000000e+02
8.600000000000000000e+02
1.074000000000000000e+03
8.770000000000000000e+02
2.930000000000000000e+02
5.530000000000000000e+02
5.520000000000000000e+02
9.800000000000000000e+02
8.410000000000000000e+02
1.147000000000000000e+03
1.006000000000000000e+03
3.900000000000000000e+01
1.978000000000000000e+03
9.700000000000000000e+01
8.200000000000000000e+02
9.070000000000000000e+02
1.110000000000000000e+02
9.730000000000000000e+02
1.584000000000000000e+03
5.490000000000000000e+02
4.510000000000000000e+02
1.300000000000000000e+03
9.940000000000000000e+02
1.918000000000000000e+03
5.010000000000000000e+02
4.780000000000000000e+02
5.150000000000000000e+02
2.100000000000000000e+02
2.036000000000000000e+03
1.364000000000000000e+03
6.600000000000000000e+02
1.672000000000000000e+03
3.410000000000000000e+02
8.210000000000000000e+02
6.710000000000000000e+02
1.372000000000000000e+03
1.200000000000000000e+01
1.810000000000000000e+02
1.676000000000000000e+03
2.195000000000000000e+03
2.540000000000000000e+02
1.311000000000000000e+03
1.723000000000000000e+03
1.301000000000000000e+03
2.116000000000000000e+03
8.640000000000000000e+02
8.750000000000000000e+02
2.151000000000000000e+03
6.110000000000000000e+02
2.040000000000000000e+02
9.080000000000000000e+02
2.250000000000000000e+02
9.120000000000000000e+02
9.250000000000000000e+02
1.764000000000000000e+03
8.050000000000000000e+02
1.373000000000000000e+03
3.120000000000000000e+02
4.200000000000000000e+02
1.571000000000000000e+03
4.360000000000000000e+02
9.250000000000000000e+02
1.706000000000000000e+03
1.520000000000000000e+02
8.670000000000000000e+02
5.310000000000000000e+02
4.790000000000000000e+02
8.250000000000000000e+02
2.510000000000000000e+02
6.100000000000000000e+01
8.830000000000000000e+02
1.779000000000000000e+03
2.370000000000000000e+02
3.170000000000000000e+02
9.450000000000000000e+02
1.738000000000000000e+03
1.151000000000000000e+03
1.611000000000000000e+03
7.070000000000000000e+02
2.225000000000000000e+03
2.600000000000000000e+01
5.760000000000000000e+02
8.100000000000000000e+01
1.131000000000000000e+03
2.103000000000000000e+03
2.024000000000000000e+03
1.080000000000000000e+03
7.510000000000000000e+02
1.439000000000000000e+03
6.930000000000000000e+02
1.255000000000000000e+03
3.200000000000000000e+02
3.090000000000000000e+02
9.220000000000000000e+02
3.850000000000000000e+02
1.630000000000000000e+02
8.320000000000000000e+02
2.148000000000000000e+03
1.683000000000000000e+03
1.460000000000000000e+02
9.060000000000000000e+02
5.430000000000000000e+02
1.267000000000000000e+03
9.610000000000000000e+02
2.060000000000000000e+03
9.240000000000000000e+02
6.790000000000000000e+02
5.790000000000000000e+02
7.200000000000000000e+02
1.448000000000000000e+03
1.593000000000000000e+03
1.649000000000000000e+03
8.610000000000000000e+02
4.270000000000000000e+02
4.690000000000000000e+02
6.420000000000000000e+02
4.780000000000000000e+02
5.680000000000000000e+02
2.910000000000000000e+02
7.500000000000000000e+02
1.000000000000000000e+02
3.280000000000000000e+02
1.527000000000000000e+03
1.520000000000000000e+02
3.410000000000000000e+02
6.690000000000000000e+02
1.970000000000000000e+02
1.235000000000000000e+03
2.200000000000000000e+02
2.128000000000000000e+03
1.105000000000000000e+03
2.393000000000000000e+03
4.270000000000000000e+02
1.037000000000000000e+03
1.112000000000000000e+03
1.082000000000000000e+03
1.035000000000000000e+03
9.680000000000000000e+02
8.710000000000000000e+02
1.264000000000000000e+03
7.840000000000000000e+02
9.880000000000000000e+02
1.780000000000000000e+02
1.874000000000000000e+03
1.274000000000000000e+03
4.450000000000000000e+02
2.228000000000000000e+03
9.500000000000000000e+02
5.330000000000000000e+02
5.740000000000000000e+02
6.390000000000000000e+02
2.740000000000000000e+02
1.100000000000000000e+01
7.680000000000000000e+02
1.244000000000000000e+03
9.300000000000000000e+01
7.400000000000000000e+02
9.440000000000000000e+02
1.616000000000000000e+03
5.780000000000000000e+02
1.662000000000000000e+03
1.035000000000000000e+03
1.310000000000000000e+02
3.230000000000000000e+02
4.470000000000000000e+02
2.114000000000000000e+03
1.265000000000000000e+03
2.250000000000000000e+02
1.873000000000000000e+03
1.297000000000000000e+03
1.910000000000000000e+03
5.350000000000000000e+02
1.274000000000000000e+03
6.100000000000000000e+01
3.800000000000000000e+01
6.550000000000000000e+02
1.400000000000000000e+03
9.200000000000000000e+01
1.267000000000000000e+03
5.420000000000000000e+02
1.440000000000000000e+02
9.640000000000000000e+02
2.297000000000000000e+03
1.650000000000000000e+02
9.400000000000000000e+01
1.010000000000000000e+02
3.110000000000000000e+02
6.400000000000000000e+01
6.100000000000000000e+01
1.228000000000000000e+03
2.560000000000000000e+02
9.880000000000000000e+02
7.900000000000000000e+01
8.820000000000000000e+02
9.680000000000000000e+02
5.140000000000000000e+02
5.900000000000000000e+02
4.700000000000000000e+02
6.400000000000000000e+01
1.070000000000000000e+03
6.100000000000000000e+02
2.134000000000000000e+03
1.611000000000000000e+03
1.418000000000000000e+03
1.100000000000000000e+01
5.010000000000000000e+02
7.860000000000000000e+02
3.510000000000000000e+02
3.200000000000000000e+01
5.100000000000000000e+01
1.563000000000000000e+03
5.010000000000000000e+02
1.094000000000000000e+03
9.680000000000000000e+02
3.970000000000000000e+02
6.030000000000000000e+02
1.140000000000000000e+02
3.820000000000000000e+02
1.738000000000000000e+03
2.830000000000000000e+02
2.650000000000000000e+02
1.373000000000000000e+03
9.810000000000000000e+02
2.054000000000000000e+03
1.084000000000000000e+03
4.940000000000000000e+02
1.910000000000000000e+02
5.160000000000000000e+02
1.800000000000000000e+01
4.830000000000000000e+02
2.057000000000000000e+03
1.873000000000000000e+03
9.070000000000000000e+02
9.080000000000000000e+02
1.000000000000000000e+01
1.496000000000000000e+03
1.837000000000000000e+03
1.037000000000000000e+03
2.261000000000000000e+03
4.250000000000000000e+02
5.790000000000000000e+02
1.751000000000000000e+03
2.100000000000000000e+02
5.050000000000000000e+02
1.534000000000000000e+03
4.850000000000000000e+02
1.874000000000000000e+03
9.680000000000000000e+02
1.715000000000000000e+03
1.248000000000000000e+03
5.980000000000000000e+02
1.578000000000000000e+03
1.456000000000000000e+03
1.354000000000000000e+03
2.760000000000000000e+02
1.203000000000000000e+03
1.409000000000000000e+03
2.990000000000000000e+02
7.100000000000000000e+01
1.104000000000000000e+03
1.780000000000000000e+02
1.614000000000000000e+03
8.420000000000000000e+02
3.640000000000000000e+02
1.860000000000000000e+02
2.199000000000000000e+03
6.490000000000000000e+02
3.800000000000000000e+01
1.497000000000000000e+03
9.660000000000000000e+02
1.998000000000000000e+03
8.340000000000000000e+02
7.900000000000000000e+01
9.150000000000000000e+02
5.980000000000000000e+02
1.227000000000000000e+03
6.710000000000000000e+02
3.370000000000000000e+02
4.010000000000000000e+02
1.273000000000000000e+03
6.450000000000000000e+02
1.134000000000000000e+03
2.590000000000000000e+02
6.870000000000000000e+02
2.228000000000000000e+03
1.230000000000000000e+02
1.262000000000000000e+03
1.245000000000000000e+03
4.880000000000000000e+02
7.630000000000000000e+02
6.940000000000000000e+02
1.257000000000000000e+03
2.200000000000000000e+01
1.484000000000000000e+03
1.570000000000000000e+02
5.010000000000000000e+02
1.325000000000000000e+03
2.260000000000000000e+02
7.760000000000000000e+02
1.563000000000000000e+03
1.217000000000000000e+03
1.140000000000000000e+02
1.363000000000000000e+03
9.820000000000000000e+02
7.420000000000000000e+02
1.116000000000000000e+03
9.540000000000000000e+02
1.392000000000000000e+03
6.170000000000000000e+02
1.900000000000000000e+02
5.700000000000000000e+01
1.019000000000000000e+03
1.062000000000000000e+03
6.480000000000000000e+02
1.524000000000000000e+03
5.650000000000000000e+02
3.440000000000000000e+02
4.900000000000000000e+01
4.580000000000000000e+02
3.270000000000000000e+02
7.580000000000000000e+02
2.620000000000000000e+02
1.160000000000000000e+03
9.150000000000000000e+02
1.678000000000000000e+03
1.278000000000000000e+03
5.850000000000000000e+02
1.015000000000000000e+03
5.060000000000000000e+02
4.350000000000000000e+02
4.640000000000000000e+02
1.822000000000000000e+03
2.360000000000000000e+02
1.096000000000000000e+03
9.040000000000000000e+02
7.200000000000000000e+01
1.873000000000000000e+03
4.930000000000000000e+02
8.220000000000000000e+02
1.092000000000000000e+03
3.490000000000000000e+02
4.510000000000000000e+02
4.230000000000000000e+02
3.440000000000000000e+02
1.160000000000000000e+03
7.500000000000000000e+02
3.350000000000000000e+02
1.377000000000000000e+03
3.200000000000000000e+01
5.380000000000000000e+02
2.690000000000000000e+02
1.010000000000000000e+02
2.071000000000000000e+03
2.013000000000000000e+03
9.300000000000000000e+01
1.374000000000000000e+03
1.252000000000000000e+03
8.780000000000000000e+02
1.059000000000000000e+03
5.890000000000000000e+02
1.048000000000000000e+03
1.252000000000000000e+03
2.228000000000000000e+03
3.200000000000000000e+01
2.058000000000000000e+03
7.900000000000000000e+02
1.702000000000000000e+03
1.206000000000000000e+03
5.740000000000000000e+02
1.542000000000000000e+03
1.150000000000000000e+03
1.567000000000000000e+03
9.800000000000000000e+02
1.734000000000000000e+03
1.206000000000000000e+03
7.900000000000000000e+02
1.905000000000000000e+03
4.010000000000000000e+02
3.500000000000000000e+01
9.150000000000000000e+02
9.680000000000000000e+02
9.380000000000000000e+02
2.195000000000000000e+03
1.520000000000000000e+02
5.270000000000000000e+02
7.750000000000000000e+02
1.970000000000000000e+02
7.410000000000000000e+02
6.210000000000000000e+02
1.086000000000000000e+03
7.360000000000000000e+02
1.010000000000000000e+02
7.070000000000000000e+02
1.838000000000000000e+03
8.310000000000000000e+02
2.096000000000000000e+03
1.630000000000000000e+02
3.840000000000000000e+02
8.780000000000000000e+02
1.439000000000000000e+03
1.983000000000000000e+03
1.540000000000000000e+03
1.872000000000000000e+03
1.000000000000000000e+00
1.294000000000000000e+03
6.930000000000000000e+02
2.220000000000000000e+02
1.054000000000000000e+03
4.410000000000000000e+02
1.151000000000000000e+03
8.770000000000000000e+02
6.310000000000000000e+02
8.750000000000000000e+02
6.420000000000000000e+02
1.242000000000000000e+03
7.700000000000000000e+01
8.870000000000000000e+02
2.189000000000000000e+03
9.310000000000000000e+02
3.320000000000000000e+02
1.133000000000000000e+03
1.451000000000000000e+03
1.206000000000000000e+03
1.210000000000000000e+02
1.861000000000000000e+03
1.937000000000000000e+03
6.980000000000000000e+02
8.770000000000000000e+02
8.510000000000000000e+02
4.610000000000000000e+02
2.940000000000000000e+02
1.183000000000000000e+03
5.000000000000000000e+02
1.033000000000000000e+03
2.500000000000000000e+02
1.486000000000000000e+03
1.485000000000000000e+03
8.410000000000000000e+02
1.382000000000000000e+03
3.680000000000000000e+02
8.320000000000000000e+02
3.980000000000000000e+02
1.102000000000000000e+03
4.110000000000000000e+02
2.200000000000000000e+02
1.641000000000000000e+03
2.580000000000000000e+02
6.590000000000000000e+02
1.734000000000000000e+03
1.738000000000000000e+03
1.560000000000000000e+03
1.381000000000000000e+03
4.000000000000000000e+00
9.250000000000000000e+02
8.760000000000000000e+02
6.000000000000000000e+01
2.850000000000000000e+02
2.070000000000000000e+02
2.050000000000000000e+03
5.950000000000000000e+02
4.900000000000000000e+02
1.036000000000000000e+03
9.540000000000000000e+02
1.390000000000000000e+02
1.580000000000000000e+03
1.248000000000000000e+03
3.170000000000000000e+02
5.010000000000000000e+02
1.388000000000000000e+03
1.520000000000000000e+02
2.308000000000000000e+03
1.406000000000000000e+03
2.160000000000000000e+02
1.203000000000000000e+03
1.242000000000000000e+03
9.130000000000000000e+02
7.700000000000000000e+01
4.130000000000000000e+02
9.220000000000000000e+02
1.725000000000000000e+03
9.680000000000000000e+02
1.311000000000000000e+03
1.231000000000000000e+03
8.600000000000000000e+02
8.100000000000000000e+01
3.270000000000000000e+02
7.830000000000000000e+02
2.400000000000000000e+01
6.760000000000000000e+02
1.062000000000000000e+03
3.260000000000000000e+02
5.970000000000000000e+02
1.130000000000000000e+03
1.674000000000000000e+03
1.405000000000000000e+03
4.410000000000000000e+02
1.700000000000000000e+01
9.030000000000000000e+02
1.780000000000000000e+03
3.490000000000000000e+02
3.800000000000000000e+01
1.210000000000000000e+02
1.748000000000000000e+03
9.080000000000000000e+02
1.264000000000000000e+03
2.690000000000000000e+02
1.580000000000000000e+03
3.280000000000000000e+02
3.400000000000000000e+01
4.200000000000000000e+01
4.900000000000000000e+01
1.179000000000000000e+03
1.996000000000000000e+03
1.626000000000000000e+03
1.430000000000000000e+03
2.690000000000000000e+02
1.008000000000000000e+03
3.230000000000000000e+02
1.829000000000000000e+03
1.571000000000000000e+03
4.080000000000000000e+02
1.040000000000000000e+02
4.080000000000000000e+02
1.148000000000000000e+03
1.677000000000000000e+03
6.470000000000000000e+02
2.700000000000000000e+01
5.110000000000000000e+02
7.110000000000000000e+02
9.810000000000000000e+02
6.320000000000000000e+02
5.600000000000000000e+02
4.600000000000000000e+01
4.350000000000000000e+02
7.310000000000000000e+02
1.150000000000000000e+02
8.100000000000000000e+01
5.900000000000000000e+02
1.208000000000000000e+03
1.194000000000000000e+03
1.486000000000000000e+03
7.830000000000000000e+02
1.333000000000000000e+03
1.276000000000000000e+03
1.008000000000000000e+03
1.700000000000000000e+01
1.970000000000000000e+02
1.554000000000000000e+03
1.706000000000000000e+03
8.890000000000000000e+02
1.601000000000000000e+03
6.810000000000000000e+02
2.195000000000000000e+03
1.225000000000000000e+03
2.340000000000000000e+02
1.398000000000000000e+03
7.330000000000000000e+02
8.310000000000000000e+02
1.880000000000000000e+02
5.940000000000000000e+02
1.316000000000000000e+03
1.333000000000000000e+03
4.100000000000000000e+01
8.080000000000000000e+02
1.650000000000000000e+02
3.520000000000000000e+02
1.770000000000000000e+02
4.490000000000000000e+02
3.360000000000000000e+02
4.960000000000000000e+02
2.240000000000000000e+02
5.250000000000000000e+02
9.210000000000000000e+02
1.780000000000000000e+02
2.116000000000000000e+03
1.172000000000000000e+03
1.070000000000000000e+02
2.430000000000000000e+02
1.190000000000000000e+03
6.380000000000000000e+02
1.800000000000000000e+02
1.156000000000000000e+03
9.640000000000000000e+02
1.748000000000000000e+03
1.840000000000000000e+03
2.335000000000000000e+03
5.360000000000000000e+02
3.430000000000000000e+02
2.660000000000000000e+02
1.400000000000000000e+01
1.316000000000000000e+03
8.400000000000000000e+01
8.410000000000000000e+02
6.400000000000000000e+01
6.400000000000000000e+02
7.830000000000000000e+02
2.010000000000000000e+03
1.316000000000000000e+03
1.296000000000000000e+03
7.860000000000000000e+02
3.700000000000000000e+01
1.140000000000000000e+02
8.370000000000000000e+02
1.268000000000000000e+03
1.686000000000000000e+03
1.151000000000000000e+03
5.050000000000000000e+02
5.700000000000000000e+01
1.337000000000000000e+03
1.857000000000000000e+03
1.206000000000000000e+03
1.120000000000000000e+02
1.862000000000000000e+03
3.180000000000000000e+02
3.770000000000000000e+02
2.620000000000000000e+02
4.460000000000000000e+02
3.400000000000000000e+02
2.640000000000000000e+02
7.200000000000000000e+02
1.428000000000000000e+03
2.214000000000000000e+03
4.270000000000000000e+02
1.046000000000000000e+03
6.720000000000000000e+02
1.268000000000000000e+03
1.566000000000000000e+03
4.940000000000000000e+02
2.760000000000000000e+02
3.800000000000000000e+01
8.340000000000000000e+02
2.170000000000000000e+03
3.430000000000000000e+02
8.080000000000000000e+02
9.180000000000000000e+02
9.630000000000000000e+02
5.050000000000000000e+02
3.400000000000000000e+02
8.190000000000000000e+02
1.850000000000000000e+02
1.140000000000000000e+02
1.353000000000000000e+03
3.280000000000000000e+02
1.409000000000000000e+03
1.311000000000000000e+03
4.720000000000000000e+02
2.055000000000000000e+03
2.229000000000000000e+03
3.850000000000000000e+02
1.274000000000000000e+03
1.000000000000000000e+02
1.296000000000000000e+03
1.654000000000000000e+03
7.900000000000000000e+01
3.180000000000000000e+02
1.051000000000000000e+03
1.929000000000000000e+03
1.876000000000000000e+03
1.315000000000000000e+03
7.580000000000000000e+02
9.990000000000000000e+02
1.780000000000000000e+02
1.062000000000000000e+03
6.730000000000000000e+02
3.400000000000000000e+02
1.428000000000000000e+03
6.310000000000000000e+02
7.340000000000000000e+02
2.222000000000000000e+03
1.449000000000000000e+03
2.163000000000000000e+03
3.020000000000000000e+02
3.210000000000000000e+02
1.141000000000000000e+03
4.550000000000000000e+02
1.832000000000000000e+03
1.621000000000000000e+03
8.700000000000000000e+02
8.800000000000000000e+02
1.083000000000000000e+03
9.680000000000000000e+02
2.740000000000000000e+02
1.796000000000000000e+03
9.300000000000000000e+01
1.353000000000000000e+03
1.275000000000000000e+03
7.830000000000000000e+02
1.540000000000000000e+03
5.060000000000000000e+02
2.133000000000000000e+03
1.439000000000000000e+03
3.540000000000000000e+02
5.900000000000000000e+02
1.692000000000000000e+03
1.206000000000000000e+03
1.677000000000000000e+03
2.990000000000000000e+02
1.286000000000000000e+03
5.600000000000000000e+02
7.780000000000000000e+02
1.359000000000000000e+03
3.700000000000000000e+01
1.751000000000000000e+03
4.890000000000000000e+02
1.400000000000000000e+01
6.470000000000000000e+02
2.760000000000000000e+02
1.100000000000000000e+01
1.970000000000000000e+02
1.082000000000000000e+03
1.328000000000000000e+03
8.460000000000000000e+02
8.460000000000000000e+02
4.200000000000000000e+01
1.489000000000000000e+03
7.560000000000000000e+02
5.380000000000000000e+02
1.072000000000000000e+03
1.878000000000000000e+03
9.960000000000000000e+02
1.842000000000000000e+03
2.195000000000000000e+03
1.503000000000000000e+03
9.640000000000000000e+02
0.000000000000000000e+00
1.649000000000000000e+03
1.608000000000000000e+03
7.900000000000000000e+01
1.058000000000000000e+03
4.450000000000000000e+02
2.180000000000000000e+02
4.510000000000000000e+02
3.610000000000000000e+02
2.800000000000000000e+01
1.450000000000000000e+02
4.470000000000000000e+02
1.236000000000000000e+03
8.780000000000000000e+02
1.497000000000000000e+03
3.510000000000000000e+02
6.150000000000000000e+02
8.780000000000000000e+02
1.235000000000000000e+03
4.280000000000000000e+02
1.103000000000000000e+03
4.200000000000000000e+01
1.700000000000000000e+01
1.430000000000000000e+03
6.180000000000000000e+02
4.460000000000000000e+02
1.141000000000000000e+03
8.890000000000000000e+02
1.478000000000000000e+03
1.360000000000000000e+02
1.358000000000000000e+03
5.010000000000000000e+02
2.850000000000000000e+02
5.590000000000000000e+02
1.316000000000000000e+03
1.240000000000000000e+03
1.996000000000000000e+03
5.010000000000000000e+02
9.280000000000000000e+02
1.112000000000000000e+03
2.180000000000000000e+02
2.348000000000000000e+03
9.900000000000000000e+02
5.870000000000000000e+02
1.882000000000000000e+03
3.230000000000000000e+02
1.273000000000000000e+03
3.510000000000000000e+02
1.000000000000000000e+00
8.760000000000000000e+02
1.000000000000000000e+02
9.860000000000000000e+02
4.770000000000000000e+02
1.208000000000000000e+03
7.520000000000000000e+02
7.630000000000000000e+02
3.040000000000000000e+02
7.870000000000000000e+02
4.140000000000000000e+02
7.330000000000000000e+02
1.790000000000000000e+02
3.620000000000000000e+02
2.060000000000000000e+02
1.098000000000000000e+03
1.199000000000000000e+03
9.250000000000000000e+02
7.740000000000000000e+02
7.860000000000000000e+02
7.420000000000000000e+02
1.679000000000000000e+03
1.113000000000000000e+03
1.373000000000000000e+03
9.180000000000000000e+02
1.099000000000000000e+03
9.300000000000000000e+01
1.100000000000000000e+02
1.600000000000000000e+02
1.734000000000000000e+03
1.957000000000000000e+03
7.200000000000000000e+02
8.790000000000000000e+02
9.810000000000000000e+02
7.520000000000000000e+02
5.270000000000000000e+02
2.590000000000000000e+02
7.830000000000000000e+02
4.950000000000000000e+02
8.560000000000000000e+02
4.550000000000000000e+02
1.236000000000000000e+03
4.270000000000000000e+02
1.680000000000000000e+02
1.100000000000000000e+02
7.200000000000000000e+02
7.560000000000000000e+02
1.681000000000000000e+03
1.023000000000000000e+03
8.970000000000000000e+02
1.230000000000000000e+03
4.000000000000000000e+02
8.000000000000000000e+02
4.880000000000000000e+02
1.930000000000000000e+03
1.527000000000000000e+03
1.974000000000000000e+03
9.240000000000000000e+02
1.206000000000000000e+03
6.620000000000000000e+02
1.680000000000000000e+02
1.653000000000000000e+03
1.810000000000000000e+02
2.440000000000000000e+02
1.104000000000000000e+03
7.260000000000000000e+02
1.702000000000000000e+03
1.840000000000000000e+02
1.920000000000000000e+02
9.890000000000000000e+02
5.730000000000000000e+02
1.830000000000000000e+02
1.451000000000000000e+03
1.264000000000000000e+03
4.500000000000000000e+02
1.307000000000000000e+03
1.084000000000000000e+03
5.020000000000000000e+02
7.750000000000000000e+02
3.630000000000000000e+02
4.270000000000000000e+02
1.710000000000000000e+02
2.123000000000000000e+03
1.649000000000000000e+03
7.530000000000000000e+02
2.350000000000000000e+02
4.210000000000000000e+02
8.660000000000000000e+02
5.000000000000000000e+01
6.180000000000000000e+02
1.810000000000000000e+02
7.260000000000000000e+02
8.140000000000000000e+02
1.242000000000000000e+03
1.430000000000000000e+03
1.883000000000000000e+03
2.084000000000000000e+03
6.790000000000000000e+02
1.040000000000000000e+02
5.200000000000000000e+01
1.873000000000000000e+03
1.100000000000000000e+02
3.800000000000000000e+01
9.550000000000000000e+02
1.197000000000000000e+03
1.020000000000000000e+02
1.340000000000000000e+02
2.830000000000000000e+02
5.790000000000000000e+02
1.773000000000000000e+03
1.762000000000000000e+03
1.083000000000000000e+03
7.860000000000000000e+02
3.690000000000000000e+02
1.778000000000000000e+03
6.700000000000000000e+01
1.763000000000000000e+03
6.990000000000000000e+02
7.590000000000000000e+02
1.236000000000000000e+03
2.370000000000000000e+02
5.060000000000000000e+02
1.500000000000000000e+01
8.650000000000000000e+02
3.450000000000000000e+02
4.350000000000000000e+02
3.670000000000000000e+02
2.129000000000000000e+03
4.340000000000000000e+02
1.588000000000000000e+03
5.790000000000000000e+02
2.320000000000000000e+02
6.410000000000000000e+02
3.980000000000000000e+02
7.400000000000000000e+01
1.100000000000000000e+03
1.010000000000000000e+02
7.850000000000000000e+02
4.400000000000000000e+02
2.070000000000000000e+02
1.090000000000000000e+03
1.390000000000000000e+02
1.037000000000000000e+03
5.240000000000000000e+02
1.059000000000000000e+03
1.032000000000000000e+03
1.354000000000000000e+03
7.400000000000000000e+01
4.990000000000000000e+02
1.734000000000000000e+03
1.311000000000000000e+03
7.800000000000000000e+02
5.010000000000000000e+02
1.171000000000000000e+03
8.400000000000000000e+02
4.160000000000000000e+02
2.460000000000000000e+03
6.110000000000000000e+02
6.510000000000000000e+02
6.210000000000000000e+02
1.105000000000000000e+03
4.310000000000000000e+02
2.156000000000000000e+03
8.550000000000000000e+02
1.820000000000000000e+03
1.982000000000000000e+03
2.106000000000000000e+03
1.130000000000000000e+03
9.330000000000000000e+02
1.493000000000000000e+03
1.208000000000000000e+03
1.271000000000000000e+03
1.430000000000000000e+03
1.134000000000000000e+03
1.561000000000000000e+03
7.990000000000000000e+02
1.690000000000000000e+02
1.540000000000000000e+03
6.110000000000000000e+02
7.090000000000000000e+02
1.990000000000000000e+02
7.900000000000000000e+02
6.380000000000000000e+02
2.228000000000000000e+03
1.052000000000000000e+03
5.010000000000000000e+02
4.310000000000000000e+02
1.996000000000000000e+03
5.680000000000000000e+02
8.300000000000000000e+01
1.225000000000000000e+03
1.236000000000000000e+03
1.660000000000000000e+02
1.609000000000000000e+03
1.112000000000000000e+03
3.230000000000000000e+02
2.540000000000000000e+02
6.000000000000000000e+00
2.690000000000000000e+02
1.834000000000000000e+03
8.220000000000000000e+02
2.930000000000000000e+02
1.413000000000000000e+03
6.210000000000000000e+02
1.516000000000000000e+03
1.563000000000000000e+03
1.413000000000000000e+03
1.236000000000000000e+03
1.599000000000000000e+03
2.800000000000000000e+02
